LUT_ML[:,:,0] = 
0.87 0.88 0.88 0.88 0.86 0.86 0.86 0.86 0.86 0.86 0.86 0.86 0.86 0.86 0.86 0.86 0.86 0.86 0.85 0.84 0.83 0.82 0.81
0.87 0.88 0.88 0.87 0.86 0.86 0.86 0.85 0.86 0.86 0.86 0.86 0.86 0.86 0.86 0.86 0.86 0.86 0.85 0.84 0.83 0.82 0.81
0.87 0.88 0.87 0.87 0.86 0.85 0.85 0.85 0.85 0.85 0.85 0.85 0.85 0.86 0.86 0.86 0.86 0.85 0.85 0.84 0.83 0.82 0.81
0.86 0.87 0.87 0.85 0.84 0.83 0.83 0.83 0.84 0.84 0.84 0.84 0.84 0.84 0.84 0.84 0.85 0.85 0.84 0.83 0.82 0.82 0.80
0.86 0.87 0.86 0.84 0.82 0.81 0.81 0.81 0.82 0.82 0.82 0.83 0.83 0.83 0.83 0.83 0.83 0.83 0.83 0.83 0.82 0.81 0.80
0.86 0.86 0.86 0.83 0.81 0.79 0.78 0.78 0.79 0.81 0.81 0.81 0.81 0.81 0.81 0.81 0.81 0.82 0.82 0.82 0.81 0.80 0.79
0.86 0.86 0.85 0.82 0.80 0.78 0.76 0.76 0.77 0.78 0.79 0.79 0.79 0.79 0.79 0.80 0.80 0.80 0.80 0.80 0.80 0.79 0.78
0.85 0.85 0.83 0.79 0.77 0.76 0.74 0.74 0.74 0.75 0.76 0.76 0.77 0.77 0.77 0.77 0.77 0.78 0.78 0.79 0.79 0.79 0.80
0.83 0.84 0.81 0.77 0.75 0.74 0.73 0.73 0.73 0.73 0.74 0.75 0.76 0.77 0.77 0.77 0.78 0.78 0.78 0.79 0.79 0.79 0.80
0.82 0.82 0.80 0.77 0.76 0.75 0.74 0.74 0.74 0.74 0.74 0.75 0.76 0.76 0.76 0.77 0.77 0.78 0.78 0.79 0.79 0.79 0.80
0.82 0.82 0.79 0.76 0.74 0.74 0.74 0.75 0.75 0.75 0.76 0.76 0.76 0.77 0.77 0.76 0.77 0.77 0.78 0.78 0.79 0.79 0.80
0.82 0.82 0.80 0.76 0.74 0.73 0.73 0.74 0.74 0.75 0.76 0.76 0.77 0.78 0.78 0.77 0.77 0.77 0.78 0.78 0.79 0.79 0.79
0.82 0.82 0.80 0.76 0.74 0.73 0.74 0.74 0.74 0.74 0.75 0.76 0.76 0.77 0.78 0.79 0.78 0.77 0.78 0.78 0.79 0.79 0.79
0.82 0.82 0.80 0.76 0.74 0.73 0.73 0.74 0.74 0.74 0.75 0.75 0.75 0.76 0.77 0.78 0.79 0.79 0.77 0.78 0.79 0.79 0.79
0.80 0.81 0.79 0.76 0.74 0.72 0.72 0.74 0.74 0.75 0.75 0.75 0.75 0.75 0.76 0.76 0.77 0.79 0.78 0.77 0.79 0.80 0.80
0.79 0.80 0.78 0.75 0.73 0.72 0.71 0.72 0.73 0.74 0.75 0.75 0.75 0.75 0.75 0.75 0.76 0.77 0.79 0.77 0.77 0.79 0.80
0.78 0.78 0.76 0.73 0.72 0.71 0.71 0.71 0.72 0.73 0.74 0.74 0.75 0.75 0.75 0.75 0.75 0.75 0.77 0.78 0.77 0.77 0.79
0.77 0.77 0.75 0.72 0.71 0.70 0.70 0.70 0.71 0.72 0.73 0.74 0.74 0.74 0.75 0.75 0.75 0.75 0.75 0.77 0.77 0.76 0.77
0.77 0.77 0.74 0.71 0.70 0.70 0.69 0.69 0.69 0.70 0.72 0.73 0.74 0.74 0.74 0.74 0.75 0.75 0.75 0.76 0.78 0.76 0.75
0.76 0.76 0.73 0.70 0.69 0.69 0.69 0.68 0.68 0.69 0.70 0.71 0.72 0.73 0.74 0.74 0.75 0.75 0.75 0.75 0.76 0.77 0.75
0.75 0.75 0.72 0.69 0.69 0.68 0.68 0.67 0.67 0.68 0.68 0.70 0.71 0.72 0.73 0.74 0.74 0.75 0.75 0.75 0.76 0.77 0.76
LUT_ML[:,:,1] = 
0.87 0.88 0.88 0.88 0.87 0.87 0.86 0.86 0.86 0.86 0.86 0.87 0.87 0.87 0.87 0.87 0.87 0.86 0.85 0.85 0.84 0.82 0.81
0.87 0.88 0.88 0.88 0.87 0.86 0.86 0.86 0.86 0.86 0.86 0.86 0.86 0.86 0.87 0.87 0.86 0.86 0.85 0.84 0.84 0.82 0.81
0.87 0.88 0.87 0.88 0.86 0.86 0.86 0.85 0.85 0.86 0.86 0.86 0.86 0.86 0.86 0.86 0.86 0.86 0.85 0.84 0.83 0.82 0.81
0.86 0.87 0.87 0.86 0.85 0.83 0.83 0.83 0.84 0.84 0.84 0.84 0.85 0.85 0.85 0.85 0.85 0.85 0.84 0.84 0.83 0.82 0.81
0.86 0.87 0.86 0.84 0.83 0.82 0.81 0.81 0.82 0.83 0.83 0.83 0.83 0.83 0.83 0.83 0.84 0.84 0.84 0.83 0.82 0.81 0.81
0.86 0.86 0.86 0.83 0.81 0.79 0.79 0.78 0.80 0.81 0.81 0.81 0.81 0.82 0.82 0.82 0.82 0.82 0.82 0.82 0.82 0.81 0.80
0.86 0.86 0.85 0.82 0.80 0.78 0.77 0.76 0.77 0.78 0.80 0.80 0.80 0.80 0.80 0.80 0.80 0.80 0.80 0.81 0.80 0.80 0.79
0.85 0.85 0.83 0.80 0.77 0.76 0.75 0.74 0.74 0.75 0.76 0.77 0.77 0.77 0.77 0.77 0.78 0.78 0.79 0.79 0.79 0.80 0.80
0.84 0.84 0.82 0.78 0.75 0.74 0.73 0.73 0.73 0.73 0.74 0.76 0.76 0.77 0.77 0.78 0.78 0.78 0.78 0.79 0.79 0.80 0.80
0.82 0.82 0.80 0.78 0.76 0.75 0.74 0.74 0.74 0.74 0.75 0.75 0.76 0.77 0.77 0.77 0.78 0.78 0.78 0.79 0.79 0.80 0.80
0.83 0.83 0.80 0.76 0.75 0.74 0.74 0.75 0.75 0.76 0.76 0.76 0.76 0.77 0.77 0.77 0.77 0.78 0.78 0.79 0.79 0.79 0.80
0.83 0.83 0.80 0.76 0.75 0.73 0.73 0.74 0.75 0.75 0.76 0.77 0.77 0.78 0.78 0.78 0.77 0.77 0.78 0.78 0.79 0.79 0.80
0.83 0.83 0.81 0.76 0.75 0.73 0.74 0.74 0.74 0.75 0.75 0.76 0.76 0.77 0.78 0.79 0.79 0.78 0.78 0.79 0.79 0.79 0.80
0.82 0.83 0.81 0.77 0.75 0.73 0.73 0.74 0.75 0.75 0.75 0.75 0.76 0.76 0.77 0.78 0.79 0.79 0.78 0.79 0.79 0.79 0.80
0.81 0.82 0.80 0.77 0.75 0.73 0.73 0.74 0.75 0.75 0.75 0.75 0.75 0.75 0.76 0.77 0.78 0.79 0.79 0.78 0.80 0.80 0.80
0.80 0.80 0.79 0.76 0.74 0.73 0.72 0.73 0.74 0.75 0.75 0.75 0.75 0.76 0.76 0.76 0.76 0.77 0.80 0.78 0.78 0.80 0.80
0.79 0.79 0.77 0.74 0.73 0.72 0.72 0.71 0.73 0.74 0.75 0.75 0.75 0.75 0.75 0.76 0.76 0.76 0.78 0.79 0.77 0.78 0.80
0.78 0.78 0.76 0.73 0.72 0.71 0.71 0.70 0.71 0.72 0.73 0.74 0.75 0.75 0.75 0.75 0.75 0.75 0.76 0.78 0.78 0.77 0.78
0.77 0.77 0.75 0.72 0.71 0.70 0.70 0.70 0.70 0.71 0.72 0.73 0.74 0.75 0.75 0.75 0.75 0.75 0.75 0.76 0.78 0.77 0.76
0.77 0.77 0.74 0.71 0.70 0.70 0.69 0.69 0.68 0.69 0.71 0.72 0.73 0.74 0.74 0.75 0.75 0.75 0.75 0.75 0.77 0.77 0.76
0.75 0.76 0.73 0.70 0.69 0.69 0.69 0.68 0.68 0.68 0.69 0.70 0.72 0.73 0.74 0.74 0.75 0.75 0.75 0.75 0.76 0.77 0.76
LUT_ML[:,:,2] = 
0.87 0.88 0.88 0.89 0.88 0.88 0.87 0.86 0.86 0.87 0.87 0.87 0.87 0.87 0.87 0.87 0.87 0.87 0.86 0.85 0.84 0.83 0.81
0.87 0.88 0.88 0.88 0.87 0.87 0.86 0.86 0.86 0.86 0.87 0.87 0.87 0.87 0.87 0.87 0.87 0.86 0.86 0.85 0.84 0.83 0.81
0.87 0.88 0.88 0.88 0.87 0.87 0.86 0.85 0.86 0.86 0.86 0.86 0.86 0.87 0.87 0.87 0.87 0.86 0.86 0.85 0.84 0.83 0.81
0.86 0.87 0.87 0.86 0.85 0.84 0.84 0.84 0.84 0.85 0.85 0.85 0.85 0.85 0.85 0.85 0.85 0.85 0.85 0.84 0.83 0.83 0.81
0.86 0.87 0.86 0.85 0.84 0.82 0.81 0.82 0.82 0.83 0.83 0.84 0.84 0.84 0.84 0.84 0.84 0.84 0.84 0.84 0.83 0.82 0.81
0.86 0.86 0.86 0.84 0.82 0.80 0.79 0.79 0.80 0.81 0.82 0.82 0.82 0.82 0.82 0.82 0.82 0.82 0.83 0.83 0.82 0.81 0.80
0.86 0.86 0.85 0.82 0.80 0.78 0.77 0.77 0.78 0.79 0.80 0.80 0.80 0.80 0.80 0.81 0.81 0.81 0.81 0.81 0.81 0.80 0.79
0.86 0.86 0.84 0.80 0.78 0.76 0.75 0.74 0.74 0.75 0.76 0.77 0.77 0.78 0.78 0.78 0.78 0.78 0.79 0.79 0.80 0.80 0.80
0.84 0.84 0.82 0.78 0.76 0.74 0.74 0.73 0.73 0.74 0.75 0.76 0.77 0.77 0.78 0.78 0.78 0.78 0.79 0.79 0.79 0.80 0.80
0.82 0.83 0.81 0.78 0.76 0.75 0.75 0.74 0.74 0.74 0.75 0.76 0.76 0.77 0.77 0.78 0.78 0.78 0.79 0.79 0.79 0.80 0.80
0.83 0.83 0.81 0.77 0.76 0.74 0.75 0.75 0.76 0.76 0.76 0.76 0.77 0.77 0.78 0.77 0.78 0.78 0.78 0.79 0.79 0.80 0.80
0.83 0.83 0.81 0.77 0.75 0.74 0.73 0.74 0.75 0.76 0.76 0.77 0.77 0.78 0.78 0.78 0.78 0.78 0.79 0.79 0.79 0.80 0.80
0.83 0.83 0.81 0.77 0.75 0.74 0.74 0.74 0.74 0.75 0.75 0.76 0.77 0.77 0.79 0.79 0.79 0.79 0.79 0.79 0.79 0.79 0.80
0.83 0.83 0.81 0.77 0.75 0.74 0.74 0.74 0.75 0.75 0.75 0.75 0.76 0.76 0.77 0.78 0.79 0.80 0.79 0.79 0.80 0.80 0.80
0.82 0.82 0.81 0.77 0.76 0.74 0.73 0.74 0.75 0.75 0.75 0.75 0.75 0.76 0.76 0.77 0.78 0.79 0.79 0.78 0.80 0.80 0.80
0.81 0.81 0.80 0.77 0.75 0.74 0.73 0.73 0.75 0.76 0.76 0.76 0.76 0.76 0.76 0.76 0.77 0.78 0.80 0.79 0.79 0.80 0.81
0.80 0.80 0.78 0.75 0.74 0.73 0.72 0.72 0.73 0.75 0.75 0.76 0.76 0.76 0.76 0.76 0.76 0.76 0.78 0.80 0.78 0.79 0.80
0.79 0.79 0.77 0.74 0.73 0.72 0.72 0.71 0.71 0.73 0.74 0.75 0.75 0.76 0.76 0.76 0.76 0.76 0.77 0.79 0.79 0.77 0.79
0.78 0.78 0.76 0.73 0.72 0.71 0.71 0.70 0.70 0.71 0.73 0.74 0.75 0.75 0.75 0.76 0.76 0.76 0.76 0.77 0.79 0.78 0.77
0.77 0.77 0.75 0.72 0.71 0.70 0.70 0.70 0.69 0.70 0.71 0.73 0.73 0.74 0.75 0.75 0.76 0.76 0.76 0.76 0.77 0.78 0.77
0.76 0.77 0.74 0.71 0.70 0.70 0.69 0.69 0.68 0.69 0.70 0.71 0.72 0.73 0.74 0.75 0.75 0.76 0.76 0.76 0.77 0.78 0.77
LUT_ML[:,:,3] = 
0.87 0.88 0.89 0.89 0.89 0.89 0.88 0.87 0.87 0.87 0.88 0.88 0.88 0.88 0.88 0.88 0.88 0.88 0.87 0.86 0.85 0.84 0.82
0.87 0.88 0.89 0.89 0.89 0.89 0.88 0.87 0.86 0.87 0.88 0.88 0.88 0.88 0.88 0.88 0.88 0.88 0.87 0.86 0.85 0.84 0.82
0.87 0.88 0.88 0.89 0.88 0.88 0.87 0.86 0.86 0.87 0.87 0.87 0.88 0.88 0.88 0.88 0.88 0.87 0.87 0.86 0.85 0.84 0.82
0.86 0.87 0.87 0.87 0.87 0.86 0.85 0.84 0.84 0.85 0.86 0.86 0.86 0.86 0.86 0.87 0.87 0.86 0.86 0.85 0.84 0.84 0.82
0.86 0.87 0.86 0.86 0.85 0.84 0.83 0.83 0.83 0.83 0.84 0.85 0.85 0.85 0.85 0.85 0.85 0.85 0.85 0.85 0.84 0.83 0.82
0.86 0.86 0.86 0.84 0.83 0.81 0.80 0.80 0.81 0.81 0.82 0.83 0.83 0.83 0.83 0.83 0.84 0.84 0.84 0.84 0.83 0.82 0.81
0.86 0.86 0.85 0.83 0.81 0.79 0.78 0.78 0.78 0.79 0.80 0.81 0.81 0.81 0.82 0.82 0.82 0.82 0.82 0.82 0.82 0.81 0.80
0.86 0.86 0.84 0.81 0.78 0.76 0.75 0.74 0.75 0.75 0.76 0.77 0.78 0.78 0.78 0.79 0.79 0.79 0.79 0.80 0.80 0.80 0.81
0.85 0.85 0.83 0.79 0.77 0.75 0.74 0.73 0.73 0.74 0.75 0.76 0.77 0.78 0.78 0.78 0.79 0.79 0.79 0.80 0.80 0.80 0.81
0.83 0.84 0.82 0.79 0.77 0.75 0.75 0.75 0.75 0.75 0.75 0.76 0.77 0.78 0.78 0.78 0.79 0.79 0.79 0.80 0.80 0.80 0.81
0.84 0.84 0.82 0.78 0.77 0.75 0.75 0.76 0.76 0.76 0.76 0.76 0.77 0.78 0.79 0.78 0.79 0.79 0.79 0.80 0.80 0.80 0.81
0.84 0.84 0.82 0.78 0.77 0.75 0.74 0.75 0.76 0.76 0.77 0.77 0.78 0.78 0.79 0.79 0.79 0.79 0.79 0.80 0.80 0.80 0.80
0.84 0.84 0.83 0.78 0.77 0.75 0.74 0.74 0.75 0.76 0.76 0.77 0.77 0.78 0.79 0.80 0.80 0.80 0.80 0.80 0.80 0.80 0.80
0.83 0.84 0.83 0.79 0.77 0.75 0.74 0.75 0.75 0.75 0.75 0.76 0.77 0.77 0.78 0.79 0.80 0.81 0.80 0.81 0.81 0.81 0.81
0.83 0.83 0.83 0.79 0.77 0.75 0.74 0.74 0.75 0.76 0.76 0.76 0.76 0.76 0.77 0.78 0.79 0.80 0.81 0.80 0.81 0.81 0.81
0.82 0.83 0.82 0.79 0.77 0.75 0.74 0.74 0.75 0.76 0.76 0.76 0.76 0.76 0.76 0.77 0.77 0.78 0.80 0.80 0.80 0.82 0.82
0.81 0.82 0.81 0.78 0.76 0.75 0.74 0.74 0.74 0.76 0.77 0.77 0.77 0.77 0.77 0.77 0.77 0.77 0.79 0.81 0.79 0.80 0.82
0.80 0.81 0.80 0.77 0.75 0.74 0.74 0.73 0.73 0.74 0.75 0.77 0.77 0.77 0.77 0.77 0.77 0.77 0.78 0.80 0.80 0.79 0.80
0.79 0.80 0.78 0.75 0.74 0.73 0.73 0.72 0.72 0.72 0.74 0.75 0.76 0.77 0.77 0.77 0.77 0.77 0.77 0.78 0.80 0.80 0.79
0.78 0.79 0.77 0.74 0.73 0.72 0.72 0.72 0.71 0.71 0.72 0.74 0.75 0.76 0.76 0.77 0.77 0.77 0.77 0.78 0.79 0.80 0.79
0.77 0.78 0.76 0.73 0.72 0.72 0.71 0.71 0.70 0.70 0.71 0.72 0.74 0.75 0.76 0.76 0.77 0.77 0.77 0.77 0.78 0.79 0.79
LUT_ML[:,:,4] = 
0.87 0.89 0.90 0.90 0.90 0.90 0.90 0.90 0.89 0.89 0.90 0.90 0.90 0.90 0.90 0.90 0.90 0.90 0.89 0.88 0.87 0.85 0.84
0.87 0.88 0.89 0.90 0.90 0.90 0.90 0.89 0.89 0.89 0.89 0.90 0.90 0.90 0.90 0.90 0.90 0.90 0.89 0.88 0.87 0.85 0.84
0.87 0.88 0.89 0.89 0.89 0.90 0.89 0.89 0.88 0.88 0.89 0.89 0.89 0.90 0.90 0.90 0.90 0.90 0.89 0.88 0.87 0.85 0.84
0.87 0.87 0.88 0.88 0.88 0.88 0.87 0.87 0.86 0.86 0.86 0.87 0.88 0.89 0.89 0.89 0.89 0.89 0.88 0.88 0.87 0.85 0.83
0.87 0.87 0.87 0.87 0.87 0.86 0.85 0.84 0.84 0.84 0.85 0.85 0.86 0.87 0.87 0.87 0.87 0.87 0.87 0.87 0.86 0.85 0.83
0.87 0.86 0.86 0.85 0.85 0.84 0.82 0.82 0.81 0.82 0.83 0.83 0.84 0.85 0.86 0.86 0.86 0.86 0.86 0.85 0.85 0.84 0.83
0.87 0.86 0.85 0.84 0.83 0.81 0.80 0.79 0.79 0.80 0.80 0.81 0.82 0.83 0.84 0.84 0.84 0.84 0.84 0.84 0.83 0.83 0.82
0.87 0.86 0.85 0.82 0.80 0.78 0.76 0.75 0.75 0.76 0.77 0.77 0.78 0.78 0.79 0.80 0.81 0.81 0.81 0.82 0.82 0.82 0.83
0.86 0.85 0.84 0.81 0.79 0.77 0.75 0.73 0.74 0.75 0.76 0.77 0.77 0.77 0.78 0.79 0.80 0.80 0.80 0.81 0.81 0.82 0.82
0.84 0.85 0.85 0.82 0.80 0.78 0.75 0.74 0.74 0.75 0.76 0.77 0.77 0.78 0.78 0.79 0.80 0.80 0.80 0.81 0.81 0.81 0.82
0.85 0.85 0.84 0.81 0.80 0.78 0.76 0.75 0.76 0.76 0.76 0.76 0.77 0.78 0.79 0.80 0.80 0.81 0.81 0.81 0.81 0.81 0.82
0.85 0.86 0.85 0.81 0.79 0.77 0.76 0.75 0.76 0.77 0.78 0.78 0.78 0.78 0.79 0.80 0.81 0.81 0.81 0.81 0.81 0.81 0.82
0.85 0.86 0.85 0.82 0.80 0.78 0.76 0.74 0.75 0.76 0.77 0.78 0.78 0.79 0.79 0.80 0.81 0.82 0.82 0.82 0.82 0.82 0.82
0.85 0.85 0.85 0.82 0.80 0.78 0.76 0.75 0.75 0.76 0.76 0.77 0.78 0.78 0.79 0.80 0.81 0.82 0.83 0.83 0.82 0.82 0.82
0.85 0.85 0.85 0.82 0.80 0.78 0.76 0.76 0.75 0.76 0.76 0.77 0.77 0.78 0.78 0.79 0.79 0.80 0.83 0.83 0.83 0.83 0.83
0.84 0.85 0.84 0.82 0.80 0.78 0.76 0.76 0.76 0.76 0.77 0.77 0.78 0.78 0.78 0.78 0.78 0.79 0.81 0.83 0.83 0.84 0.84
0.84 0.84 0.84 0.81 0.80 0.78 0.77 0.76 0.75 0.76 0.77 0.77 0.78 0.78 0.78 0.78 0.78 0.78 0.80 0.82 0.83 0.83 0.84
0.83 0.84 0.83 0.81 0.79 0.77 0.77 0.76 0.75 0.75 0.76 0.77 0.78 0.79 0.79 0.79 0.79 0.79 0.79 0.81 0.83 0.82 0.83
0.82 0.83 0.82 0.80 0.79 0.78 0.77 0.76 0.75 0.74 0.75 0.77 0.78 0.79 0.79 0.79 0.79 0.79 0.79 0.79 0.81 0.83 0.82
0.80 0.81 0.81 0.79 0.78 0.77 0.76 0.76 0.75 0.74 0.74 0.76 0.77 0.78 0.79 0.79 0.80 0.80 0.80 0.80 0.80 0.82 0.82
0.78 0.80 0.80 0.78 0.76 0.76 0.75 0.75 0.74 0.74 0.73 0.74 0.75 0.77 0.78 0.79 0.79 0.80 0.80 0.80 0.80 0.81 0.83
LUT_ML[:,:,5] = 
0.89 0.90 0.90 0.90 0.91 0.91 0.91 0.91 0.91 0.91 0.91 0.92 0.92 0.92 0.92 0.93 0.92 0.92 0.91 0.90 0.88 0.86 0.84
0.88 0.90 0.90 0.90 0.90 0.91 0.91 0.91 0.90 0.90 0.91 0.91 0.91 0.92 0.92 0.92 0.92 0.92 0.91 0.90 0.88 0.86 0.84
0.88 0.89 0.90 0.90 0.90 0.90 0.90 0.90 0.90 0.90 0.90 0.91 0.91 0.91 0.91 0.92 0.91 0.91 0.91 0.90 0.88 0.86 0.84
0.88 0.89 0.89 0.89 0.88 0.88 0.88 0.88 0.88 0.87 0.88 0.89 0.89 0.89 0.90 0.90 0.90 0.90 0.90 0.89 0.88 0.86 0.84
0.87 0.88 0.88 0.88 0.87 0.87 0.86 0.86 0.85 0.85 0.86 0.87 0.87 0.87 0.88 0.89 0.89 0.89 0.89 0.89 0.88 0.86 0.84
0.87 0.87 0.87 0.86 0.86 0.85 0.84 0.83 0.83 0.82 0.83 0.84 0.85 0.85 0.86 0.87 0.87 0.88 0.87 0.87 0.87 0.86 0.84
0.87 0.86 0.86 0.85 0.84 0.83 0.82 0.81 0.80 0.80 0.81 0.82 0.82 0.83 0.84 0.84 0.85 0.86 0.86 0.85 0.85 0.85 0.84
0.87 0.86 0.85 0.83 0.81 0.79 0.78 0.77 0.75 0.76 0.77 0.77 0.78 0.79 0.79 0.80 0.81 0.82 0.83 0.84 0.84 0.84 0.85
0.86 0.85 0.84 0.82 0.80 0.78 0.76 0.75 0.73 0.74 0.76 0.77 0.77 0.78 0.79 0.80 0.80 0.81 0.82 0.83 0.83 0.83 0.84
0.86 0.86 0.86 0.83 0.81 0.79 0.77 0.75 0.74 0.74 0.75 0.77 0.78 0.78 0.78 0.79 0.80 0.81 0.82 0.82 0.82 0.83 0.83
0.86 0.86 0.86 0.84 0.82 0.80 0.78 0.76 0.75 0.75 0.76 0.76 0.78 0.79 0.80 0.80 0.80 0.81 0.82 0.82 0.82 0.82 0.83
0.86 0.87 0.86 0.83 0.82 0.80 0.78 0.76 0.76 0.76 0.77 0.77 0.78 0.79 0.80 0.81 0.81 0.81 0.83 0.83 0.83 0.83 0.83
0.86 0.87 0.87 0.84 0.82 0.80 0.78 0.76 0.75 0.76 0.77 0.78 0.79 0.79 0.80 0.81 0.82 0.83 0.83 0.83 0.84 0.84 0.84
0.86 0.87 0.86 0.84 0.83 0.81 0.78 0.76 0.75 0.75 0.76 0.77 0.78 0.79 0.80 0.81 0.82 0.83 0.84 0.84 0.84 0.84 0.84
0.86 0.87 0.86 0.84 0.83 0.81 0.79 0.77 0.76 0.76 0.76 0.76 0.77 0.78 0.79 0.80 0.81 0.82 0.84 0.85 0.85 0.85 0.85
0.86 0.86 0.86 0.84 0.82 0.81 0.79 0.78 0.77 0.76 0.77 0.77 0.77 0.78 0.78 0.79 0.80 0.80 0.82 0.85 0.86 0.85 0.85
0.85 0.86 0.85 0.83 0.82 0.80 0.79 0.78 0.77 0.76 0.77 0.77 0.78 0.78 0.78 0.79 0.79 0.79 0.81 0.83 0.86 0.86 0.86
0.85 0.85 0.85 0.83 0.82 0.80 0.79 0.78 0.77 0.76 0.76 0.77 0.78 0.78 0.79 0.79 0.79 0.79 0.80 0.82 0.84 0.85 0.86
0.84 0.84 0.84 0.83 0.82 0.80 0.79 0.78 0.77 0.77 0.76 0.77 0.78 0.78 0.79 0.80 0.80 0.80 0.80 0.81 0.83 0.84 0.85
0.82 0.83 0.84 0.82 0.81 0.80 0.79 0.78 0.77 0.77 0.76 0.76 0.77 0.78 0.79 0.80 0.80 0.81 0.81 0.80 0.81 0.83 0.85
0.81 0.82 0.83 0.82 0.81 0.80 0.79 0.78 0.78 0.77 0.76 0.76 0.77 0.78 0.79 0.79 0.80 0.81 0.81 0.81 0.81 0.82 0.84
LUT_ML[:,:,6] = 
0.90 0.91 0.91 0.91 0.91 0.91 0.91 0.91 0.91 0.91 0.91 0.91 0.92 0.92 0.93 0.93 0.93 0.93 0.93 0.92 0.90 0.87 0.85
0.90 0.91 0.91 0.91 0.91 0.91 0.91 0.90 0.90 0.91 0.91 0.91 0.91 0.92 0.92 0.93 0.93 0.93 0.93 0.92 0.89 0.87 0.85
0.90 0.91 0.91 0.91 0.90 0.90 0.90 0.90 0.90 0.90 0.90 0.90 0.91 0.91 0.92 0.92 0.92 0.92 0.92 0.92 0.89 0.87 0.85
0.90 0.90 0.90 0.90 0.89 0.89 0.89 0.89 0.88 0.89 0.88 0.88 0.89 0.89 0.90 0.90 0.90 0.91 0.91 0.91 0.89 0.87 0.85
0.89 0.90 0.90 0.89 0.88 0.88 0.87 0.87 0.87 0.87 0.86 0.87 0.87 0.87 0.88 0.88 0.89 0.89 0.89 0.89 0.89 0.87 0.85
0.89 0.89 0.88 0.88 0.87 0.86 0.86 0.85 0.85 0.85 0.84 0.84 0.84 0.85 0.86 0.86 0.86 0.86 0.86 0.87 0.88 0.87 0.85
0.88 0.88 0.87 0.87 0.86 0.85 0.84 0.84 0.83 0.82 0.81 0.82 0.82 0.82 0.83 0.83 0.84 0.84 0.85 0.85 0.86 0.86 0.86
0.87 0.86 0.85 0.84 0.83 0.82 0.81 0.80 0.79 0.78 0.77 0.77 0.78 0.78 0.79 0.80 0.81 0.82 0.83 0.85 0.86 0.87 0.87
0.86 0.85 0.84 0.82 0.81 0.80 0.80 0.78 0.77 0.76 0.76 0.76 0.77 0.77 0.79 0.80 0.81 0.82 0.83 0.85 0.86 0.86 0.87
0.87 0.87 0.86 0.83 0.82 0.80 0.79 0.78 0.77 0.76 0.75 0.76 0.76 0.77 0.78 0.80 0.81 0.82 0.83 0.85 0.86 0.86 0.86
0.87 0.88 0.88 0.85 0.83 0.82 0.80 0.78 0.76 0.75 0.75 0.76 0.76 0.77 0.78 0.79 0.80 0.82 0.83 0.85 0.86 0.86 0.86
0.87 0.88 0.88 0.86 0.84 0.83 0.81 0.79 0.77 0.76 0.75 0.76 0.77 0.77 0.78 0.79 0.80 0.81 0.83 0.84 0.86 0.87 0.87
0.87 0.89 0.88 0.86 0.84 0.82 0.81 0.79 0.78 0.77 0.76 0.77 0.77 0.78 0.79 0.80 0.81 0.81 0.83 0.84 0.86 0.87 0.87
0.88 0.89 0.89 0.86 0.85 0.83 0.81 0.79 0.77 0.77 0.76 0.77 0.78 0.79 0.79 0.81 0.82 0.82 0.84 0.85 0.86 0.87 0.87
0.88 0.89 0.89 0.87 0.85 0.83 0.81 0.79 0.78 0.77 0.76 0.76 0.77 0.78 0.79 0.80 0.82 0.83 0.85 0.85 0.86 0.88 0.88
0.88 0.89 0.89 0.87 0.85 0.84 0.82 0.80 0.78 0.78 0.77 0.76 0.77 0.77 0.78 0.79 0.80 0.81 0.85 0.87 0.87 0.88 0.89
0.87 0.89 0.89 0.87 0.85 0.84 0.82 0.81 0.79 0.78 0.77 0.76 0.77 0.77 0.78 0.78 0.79 0.80 0.83 0.86 0.88 0.89 0.89
0.87 0.88 0.88 0.86 0.85 0.84 0.83 0.81 0.80 0.79 0.78 0.77 0.77 0.77 0.78 0.78 0.79 0.79 0.81 0.84 0.87 0.89 0.90
0.85 0.86 0.87 0.86 0.85 0.84 0.83 0.81 0.81 0.80 0.79 0.77 0.77 0.77 0.78 0.78 0.79 0.80 0.80 0.83 0.85 0.88 0.89
0.84 0.85 0.86 0.85 0.85 0.84 0.82 0.82 0.81 0.81 0.79 0.78 0.77 0.77 0.78 0.78 0.79 0.79 0.81 0.82 0.84 0.86 0.88
0.83 0.84 0.85 0.84 0.83 0.83 0.82 0.82 0.81 0.81 0.80 0.79 0.78 0.77 0.78 0.78 0.79 0.79 0.81 0.82 0.83 0.84 0.86
LUT_ML[:,:,7] = 
0.87 0.88 0.90 0.91 0.90 0.90 0.90 0.90 0.90 0.90 0.90 0.89 0.90 0.90 0.90 0.91 0.91 0.91 0.92 0.92 0.91 0.90 0.89
0.87 0.88 0.90 0.91 0.90 0.90 0.90 0.90 0.89 0.89 0.89 0.89 0.89 0.90 0.90 0.90 0.91 0.91 0.91 0.91 0.91 0.90 0.88
0.87 0.88 0.89 0.90 0.90 0.90 0.90 0.89 0.89 0.89 0.89 0.89 0.89 0.89 0.90 0.90 0.90 0.91 0.91 0.91 0.90 0.89 0.88
0.87 0.88 0.89 0.90 0.89 0.89 0.89 0.88 0.88 0.88 0.88 0.87 0.88 0.88 0.88 0.89 0.89 0.89 0.90 0.90 0.89 0.88 0.87
0.86 0.87 0.89 0.89 0.88 0.88 0.87 0.87 0.87 0.86 0.86 0.86 0.86 0.86 0.87 0.87 0.87 0.87 0.88 0.88 0.88 0.87 0.86
0.86 0.87 0.88 0.87 0.87 0.86 0.85 0.85 0.85 0.84 0.84 0.84 0.84 0.84 0.84 0.85 0.85 0.85 0.86 0.86 0.86 0.85 0.85
0.86 0.87 0.87 0.86 0.85 0.84 0.84 0.83 0.83 0.82 0.82 0.81 0.82 0.82 0.82 0.83 0.83 0.83 0.83 0.84 0.84 0.85 0.85
0.85 0.86 0.85 0.83 0.82 0.81 0.80 0.79 0.79 0.78 0.78 0.77 0.78 0.78 0.79 0.80 0.80 0.81 0.82 0.83 0.84 0.85 0.87
0.84 0.85 0.84 0.82 0.81 0.81 0.80 0.79 0.79 0.78 0.77 0.77 0.77 0.77 0.78 0.78 0.79 0.80 0.81 0.83 0.85 0.86 0.87
0.86 0.86 0.85 0.83 0.82 0.81 0.80 0.80 0.79 0.78 0.76 0.76 0.76 0.77 0.77 0.77 0.78 0.79 0.81 0.83 0.85 0.86 0.88
0.87 0.88 0.87 0.84 0.83 0.82 0.81 0.80 0.79 0.77 0.76 0.76 0.76 0.76 0.76 0.77 0.78 0.79 0.81 0.83 0.85 0.87 0.88
0.87 0.88 0.88 0.86 0.84 0.83 0.82 0.80 0.78 0.77 0.76 0.76 0.76 0.76 0.76 0.77 0.78 0.79 0.81 0.83 0.85 0.87 0.88
0.88 0.89 0.88 0.86 0.85 0.84 0.82 0.81 0.79 0.77 0.76 0.76 0.76 0.76 0.77 0.77 0.78 0.79 0.81 0.83 0.85 0.87 0.88
0.89 0.89 0.89 0.87 0.86 0.84 0.82 0.80 0.79 0.78 0.77 0.77 0.76 0.76 0.77 0.78 0.79 0.80 0.81 0.83 0.85 0.87 0.88
0.89 0.90 0.90 0.88 0.87 0.85 0.82 0.80 0.79 0.77 0.77 0.77 0.76 0.77 0.78 0.79 0.79 0.80 0.82 0.83 0.85 0.87 0.89
0.88 0.90 0.91 0.89 0.87 0.85 0.83 0.81 0.79 0.77 0.77 0.76 0.76 0.76 0.77 0.78 0.80 0.81 0.83 0.84 0.86 0.88 0.89
0.88 0.90 0.91 0.89 0.87 0.86 0.84 0.82 0.80 0.78 0.77 0.77 0.76 0.75 0.76 0.77 0.79 0.80 0.82 0.85 0.87 0.88 0.90
0.87 0.89 0.90 0.89 0.88 0.86 0.84 0.82 0.80 0.79 0.78 0.77 0.77 0.76 0.76 0.77 0.78 0.79 0.81 0.84 0.87 0.89 0.90
0.87 0.88 0.89 0.88 0.87 0.86 0.85 0.83 0.81 0.80 0.79 0.78 0.77 0.77 0.76 0.77 0.77 0.78 0.80 0.83 0.85 0.88 0.90
0.87 0.87 0.88 0.87 0.87 0.85 0.84 0.83 0.82 0.81 0.80 0.79 0.78 0.77 0.77 0.77 0.78 0.78 0.79 0.81 0.84 0.87 0.89
0.87 0.86 0.87 0.86 0.86 0.85 0.84 0.83 0.82 0.82 0.81 0.80 0.79 0.78 0.77 0.77 0.77 0.78 0.79 0.80 0.83 0.86 0.88
LUT_ML[:,:,8] = 
0.84 0.84 0.84 0.85 0.86 0.86 0.86 0.86 0.85 0.85 0.85 0.85 0.85 0.85 0.85 0.86 0.87 0.87 0.87 0.88 0.89 0.90 0.90
0.84 0.84 0.84 0.85 0.86 0.86 0.86 0.85 0.85 0.85 0.85 0.85 0.85 0.85 0.85 0.86 0.87 0.87 0.87 0.88 0.88 0.89 0.90
0.84 0.84 0.84 0.85 0.86 0.86 0.86 0.85 0.85 0.85 0.85 0.85 0.85 0.85 0.85 0.86 0.86 0.87 0.87 0.87 0.88 0.89 0.89
0.83 0.83 0.84 0.85 0.86 0.85 0.85 0.85 0.85 0.84 0.84 0.84 0.84 0.84 0.84 0.85 0.85 0.85 0.86 0.86 0.87 0.87 0.88
0.83 0.83 0.84 0.85 0.85 0.85 0.85 0.84 0.84 0.83 0.83 0.83 0.83 0.82 0.83 0.84 0.84 0.84 0.84 0.84 0.85 0.86 0.87
0.82 0.82 0.83 0.84 0.85 0.84 0.84 0.83 0.83 0.82 0.82 0.81 0.81 0.81 0.82 0.82 0.83 0.83 0.83 0.83 0.83 0.84 0.85
0.82 0.82 0.83 0.83 0.83 0.83 0.82 0.82 0.82 0.81 0.81 0.80 0.80 0.80 0.80 0.81 0.81 0.81 0.81 0.82 0.83 0.84 0.85
0.81 0.80 0.81 0.80 0.80 0.80 0.79 0.79 0.78 0.78 0.78 0.78 0.78 0.78 0.79 0.80 0.80 0.81 0.82 0.83 0.83 0.84 0.85
0.81 0.80 0.81 0.81 0.80 0.80 0.79 0.79 0.78 0.78 0.78 0.78 0.78 0.78 0.78 0.79 0.79 0.80 0.81 0.82 0.84 0.85 0.85
0.83 0.82 0.82 0.81 0.81 0.80 0.79 0.79 0.79 0.78 0.77 0.77 0.77 0.77 0.77 0.78 0.78 0.79 0.80 0.81 0.83 0.84 0.85
0.85 0.84 0.84 0.82 0.81 0.80 0.80 0.79 0.79 0.78 0.78 0.77 0.76 0.76 0.77 0.77 0.77 0.78 0.79 0.80 0.82 0.83 0.85
0.86 0.86 0.85 0.83 0.82 0.81 0.80 0.79 0.79 0.79 0.78 0.77 0.76 0.76 0.76 0.76 0.77 0.77 0.78 0.79 0.80 0.83 0.85
0.87 0.86 0.87 0.85 0.83 0.82 0.81 0.80 0.79 0.78 0.77 0.76 0.76 0.76 0.76 0.76 0.76 0.76 0.77 0.78 0.80 0.83 0.85
0.88 0.87 0.87 0.85 0.84 0.84 0.82 0.81 0.80 0.78 0.77 0.76 0.75 0.75 0.75 0.76 0.76 0.76 0.76 0.78 0.80 0.83 0.85
0.89 0.88 0.88 0.87 0.85 0.84 0.83 0.82 0.80 0.78 0.77 0.75 0.75 0.75 0.75 0.75 0.75 0.76 0.77 0.78 0.80 0.82 0.85
0.89 0.89 0.89 0.88 0.87 0.86 0.84 0.82 0.80 0.78 0.76 0.75 0.75 0.75 0.75 0.75 0.75 0.75 0.77 0.79 0.80 0.82 0.85
0.90 0.89 0.89 0.89 0.88 0.87 0.85 0.83 0.81 0.79 0.77 0.75 0.75 0.75 0.75 0.75 0.75 0.76 0.78 0.80 0.81 0.83 0.85
0.91 0.90 0.90 0.90 0.89 0.88 0.86 0.84 0.82 0.80 0.78 0.76 0.75 0.75 0.74 0.74 0.74 0.74 0.77 0.80 0.82 0.84 0.85
0.91 0.91 0.90 0.90 0.89 0.88 0.87 0.85 0.83 0.81 0.78 0.77 0.76 0.76 0.75 0.74 0.73 0.73 0.76 0.79 0.82 0.85 0.86
0.92 0.91 0.91 0.90 0.89 0.88 0.86 0.85 0.83 0.81 0.80 0.79 0.78 0.77 0.76 0.75 0.74 0.73 0.75 0.78 0.81 0.84 0.87
0.92 0.91 0.91 0.90 0.88 0.87 0.86 0.85 0.84 0.82 0.81 0.80 0.79 0.78 0.77 0.76 0.75 0.74 0.75 0.76 0.79 0.82 0.85
LUT_ML[:,:,9] = 
0.83 0.83 0.82 0.83 0.82 0.82 0.81 0.81 0.81 0.81 0.81 0.81 0.81 0.81 0.81 0.82 0.83 0.84 0.86 0.87 0.87 0.88 0.88
0.83 0.83 0.82 0.83 0.82 0.82 0.81 0.81 0.81 0.81 0.81 0.81 0.81 0.81 0.81 0.81 0.82 0.83 0.86 0.86 0.87 0.87 0.88
0.83 0.83 0.82 0.82 0.82 0.81 0.81 0.81 0.81 0.81 0.81 0.81 0.81 0.81 0.81 0.81 0.82 0.83 0.85 0.86 0.87 0.87 0.87
0.83 0.83 0.82 0.82 0.82 0.81 0.81 0.81 0.80 0.80 0.80 0.80 0.80 0.80 0.80 0.81 0.81 0.82 0.84 0.85 0.86 0.86 0.87
0.82 0.82 0.82 0.81 0.81 0.81 0.80 0.80 0.80 0.80 0.80 0.79 0.80 0.79 0.79 0.80 0.80 0.81 0.83 0.83 0.84 0.85 0.85
0.82 0.82 0.82 0.81 0.80 0.80 0.80 0.80 0.79 0.79 0.79 0.78 0.78 0.78 0.78 0.78 0.79 0.80 0.81 0.82 0.82 0.84 0.85
0.81 0.81 0.81 0.80 0.79 0.79 0.79 0.79 0.79 0.78 0.78 0.77 0.77 0.77 0.77 0.77 0.78 0.79 0.80 0.81 0.82 0.84 0.85
0.80 0.79 0.79 0.77 0.76 0.77 0.77 0.77 0.77 0.78 0.78 0.77 0.77 0.77 0.77 0.78 0.79 0.80 0.81 0.81 0.82 0.83 0.84
0.80 0.79 0.79 0.78 0.77 0.77 0.78 0.78 0.78 0.77 0.77 0.77 0.77 0.77 0.77 0.78 0.79 0.80 0.81 0.82 0.82 0.83 0.84
0.82 0.81 0.80 0.79 0.78 0.78 0.78 0.78 0.77 0.77 0.77 0.77 0.77 0.77 0.77 0.78 0.78 0.79 0.80 0.82 0.83 0.84 0.84
0.84 0.83 0.81 0.80 0.79 0.79 0.78 0.78 0.78 0.77 0.77 0.76 0.76 0.77 0.77 0.77 0.78 0.78 0.79 0.80 0.82 0.83 0.84
0.86 0.85 0.83 0.81 0.80 0.80 0.79 0.78 0.78 0.77 0.77 0.77 0.76 0.76 0.76 0.77 0.77 0.77 0.78 0.79 0.81 0.82 0.83
0.87 0.87 0.85 0.83 0.81 0.80 0.79 0.79 0.78 0.77 0.77 0.77 0.76 0.75 0.75 0.76 0.76 0.77 0.77 0.78 0.79 0.81 0.82
0.88 0.87 0.86 0.84 0.83 0.82 0.81 0.79 0.78 0.77 0.77 0.76 0.75 0.75 0.75 0.75 0.75 0.76 0.76 0.77 0.78 0.79 0.82
0.89 0.88 0.87 0.85 0.84 0.83 0.82 0.81 0.80 0.78 0.77 0.76 0.75 0.74 0.74 0.74 0.75 0.75 0.76 0.76 0.77 0.79 0.81
0.89 0.89 0.88 0.87 0.85 0.84 0.83 0.82 0.80 0.79 0.78 0.76 0.75 0.74 0.74 0.74 0.74 0.74 0.75 0.76 0.77 0.79 0.81
0.90 0.90 0.89 0.88 0.87 0.86 0.85 0.83 0.82 0.80 0.77 0.75 0.74 0.74 0.74 0.74 0.74 0.74 0.74 0.75 0.77 0.79 0.81
0.91 0.90 0.90 0.89 0.88 0.87 0.86 0.85 0.82 0.80 0.78 0.76 0.75 0.74 0.73 0.74 0.74 0.74 0.74 0.76 0.78 0.80 0.81
0.91 0.91 0.90 0.89 0.89 0.88 0.87 0.85 0.83 0.81 0.79 0.77 0.76 0.75 0.74 0.73 0.73 0.73 0.73 0.76 0.78 0.80 0.82
0.92 0.92 0.91 0.90 0.90 0.88 0.87 0.85 0.84 0.82 0.80 0.78 0.77 0.76 0.75 0.74 0.73 0.73 0.72 0.75 0.78 0.81 0.83
0.93 0.92 0.92 0.91 0.90 0.89 0.87 0.85 0.84 0.82 0.80 0.79 0.78 0.77 0.76 0.75 0.74 0.73 0.72 0.73 0.76 0.79 0.82
LUT_ML[:,:,10] = 
0.82 0.81 0.81 0.81 0.81 0.80 0.80 0.79 0.78 0.77 0.77 0.76 0.77 0.77 0.78 0.78 0.78 0.79 0.81 0.83 0.85 0.86 0.86
0.82 0.81 0.81 0.81 0.81 0.80 0.80 0.79 0.78 0.77 0.77 0.76 0.76 0.77 0.77 0.78 0.78 0.79 0.81 0.83 0.85 0.85 0.86
0.82 0.81 0.81 0.81 0.80 0.80 0.79 0.79 0.78 0.77 0.77 0.76 0.76 0.77 0.77 0.78 0.78 0.79 0.81 0.83 0.85 0.85 0.86
0.82 0.81 0.81 0.80 0.80 0.79 0.79 0.78 0.77 0.77 0.76 0.76 0.76 0.76 0.76 0.77 0.77 0.78 0.80 0.82 0.84 0.84 0.85
0.82 0.81 0.81 0.80 0.79 0.78 0.78 0.77 0.77 0.76 0.75 0.75 0.75 0.75 0.75 0.76 0.76 0.77 0.80 0.82 0.83 0.83 0.84
0.82 0.81 0.80 0.79 0.78 0.77 0.77 0.76 0.76 0.75 0.75 0.74 0.74 0.74 0.74 0.75 0.75 0.77 0.79 0.81 0.82 0.83 0.84
0.81 0.80 0.80 0.78 0.77 0.77 0.76 0.75 0.75 0.75 0.74 0.74 0.74 0.74 0.74 0.74 0.75 0.76 0.79 0.81 0.82 0.83 0.84
0.79 0.79 0.78 0.77 0.76 0.75 0.75 0.75 0.75 0.74 0.75 0.75 0.75 0.75 0.75 0.75 0.76 0.77 0.79 0.80 0.82 0.83 0.84
0.79 0.79 0.79 0.77 0.77 0.76 0.75 0.75 0.75 0.75 0.76 0.76 0.76 0.76 0.76 0.76 0.77 0.78 0.80 0.80 0.81 0.82 0.84
0.80 0.80 0.80 0.78 0.77 0.76 0.76 0.75 0.75 0.75 0.76 0.76 0.76 0.77 0.77 0.77 0.78 0.79 0.80 0.81 0.82 0.82 0.83
0.82 0.81 0.81 0.79 0.78 0.77 0.76 0.76 0.76 0.76 0.76 0.75 0.75 0.76 0.76 0.77 0.78 0.78 0.79 0.81 0.82 0.83 0.83
0.85 0.84 0.82 0.80 0.79 0.78 0.77 0.77 0.76 0.76 0.76 0.75 0.75 0.75 0.75 0.76 0.77 0.78 0.78 0.79 0.81 0.82 0.83
0.88 0.86 0.84 0.81 0.80 0.79 0.78 0.78 0.77 0.76 0.76 0.75 0.75 0.75 0.74 0.75 0.76 0.76 0.77 0.78 0.79 0.81 0.82
0.88 0.88 0.87 0.84 0.82 0.81 0.80 0.78 0.77 0.77 0.76 0.75 0.75 0.75 0.74 0.74 0.75 0.75 0.76 0.77 0.78 0.80 0.81
0.89 0.88 0.88 0.85 0.84 0.83 0.81 0.79 0.78 0.77 0.76 0.76 0.75 0.75 0.74 0.74 0.74 0.74 0.75 0.76 0.77 0.78 0.80
0.90 0.89 0.89 0.87 0.86 0.84 0.82 0.81 0.79 0.78 0.77 0.76 0.75 0.74 0.73 0.73 0.73 0.73 0.74 0.75 0.76 0.77 0.78
0.90 0.90 0.89 0.88 0.87 0.86 0.84 0.83 0.81 0.79 0.78 0.77 0.75 0.74 0.73 0.73 0.73 0.73 0.74 0.74 0.75 0.76 0.78
0.91 0.90 0.90 0.88 0.88 0.87 0.86 0.84 0.83 0.81 0.79 0.77 0.75 0.73 0.73 0.74 0.73 0.73 0.73 0.74 0.74 0.75 0.78
0.92 0.91 0.91 0.89 0.89 0.88 0.87 0.86 0.84 0.82 0.80 0.78 0.76 0.74 0.73 0.73 0.73 0.73 0.73 0.73 0.74 0.76 0.78
0.93 0.92 0.91 0.90 0.89 0.89 0.88 0.87 0.85 0.83 0.81 0.79 0.77 0.75 0.74 0.73 0.72 0.72 0.72 0.73 0.74 0.76 0.78
0.93 0.92 0.92 0.91 0.90 0.89 0.89 0.87 0.86 0.84 0.82 0.80 0.77 0.76 0.75 0.74 0.73 0.73 0.71 0.72 0.73 0.76 0.79
LUT_ML[:,:,11] = 
0.81 0.80 0.80 0.79 0.79 0.78 0.78 0.77 0.77 0.76 0.76 0.76 0.76 0.75 0.75 0.75 0.75 0.75 0.77 0.79 0.81 0.83 0.84
0.81 0.80 0.80 0.79 0.79 0.78 0.78 0.77 0.77 0.76 0.76 0.76 0.75 0.75 0.75 0.75 0.75 0.75 0.77 0.79 0.81 0.83 0.84
0.81 0.80 0.80 0.79 0.78 0.78 0.77 0.77 0.77 0.76 0.75 0.75 0.75 0.75 0.75 0.75 0.75 0.75 0.77 0.79 0.81 0.83 0.84
0.81 0.80 0.79 0.79 0.78 0.77 0.77 0.76 0.76 0.75 0.75 0.74 0.74 0.74 0.74 0.74 0.74 0.74 0.76 0.78 0.80 0.82 0.82
0.81 0.80 0.79 0.78 0.77 0.76 0.76 0.75 0.75 0.75 0.74 0.74 0.73 0.73 0.73 0.73 0.73 0.73 0.75 0.77 0.79 0.81 0.82
0.81 0.80 0.79 0.77 0.76 0.75 0.75 0.74 0.74 0.74 0.73 0.73 0.72 0.72 0.72 0.72 0.72 0.72 0.74 0.77 0.80 0.81 0.82
0.81 0.80 0.79 0.77 0.76 0.75 0.74 0.73 0.73 0.73 0.72 0.72 0.71 0.71 0.71 0.71 0.72 0.72 0.75 0.78 0.80 0.81 0.82
0.80 0.79 0.78 0.76 0.75 0.74 0.74 0.73 0.73 0.73 0.73 0.73 0.73 0.72 0.72 0.72 0.73 0.73 0.76 0.79 0.81 0.82 0.83
0.80 0.79 0.79 0.77 0.76 0.75 0.75 0.74 0.74 0.74 0.74 0.74 0.74 0.73 0.74 0.74 0.74 0.74 0.77 0.79 0.81 0.82 0.83
0.80 0.80 0.80 0.78 0.77 0.76 0.75 0.74 0.74 0.74 0.74 0.74 0.74 0.74 0.75 0.75 0.75 0.76 0.78 0.79 0.81 0.82 0.83
0.82 0.81 0.81 0.79 0.78 0.77 0.76 0.75 0.75 0.74 0.74 0.74 0.74 0.74 0.75 0.75 0.75 0.77 0.79 0.80 0.81 0.81 0.83
0.83 0.83 0.82 0.80 0.79 0.78 0.77 0.76 0.75 0.75 0.74 0.74 0.74 0.74 0.74 0.74 0.75 0.76 0.78 0.80 0.81 0.82 0.83
0.85 0.84 0.83 0.82 0.81 0.80 0.79 0.78 0.77 0.76 0.75 0.74 0.74 0.73 0.73 0.73 0.74 0.76 0.77 0.78 0.80 0.81 0.82
0.88 0.87 0.85 0.83 0.82 0.81 0.80 0.79 0.78 0.77 0.76 0.75 0.74 0.73 0.73 0.73 0.74 0.75 0.76 0.77 0.78 0.80 0.81
0.89 0.89 0.88 0.85 0.84 0.82 0.81 0.80 0.79 0.78 0.77 0.76 0.74 0.74 0.73 0.73 0.73 0.74 0.75 0.76 0.77 0.79 0.80
0.90 0.89 0.89 0.87 0.86 0.85 0.83 0.82 0.80 0.79 0.78 0.77 0.75 0.74 0.74 0.73 0.73 0.73 0.74 0.75 0.76 0.77 0.79
0.91 0.90 0.89 0.87 0.87 0.86 0.85 0.83 0.82 0.80 0.79 0.77 0.76 0.74 0.73 0.73 0.73 0.73 0.73 0.74 0.75 0.76 0.77
0.92 0.91 0.90 0.88 0.88 0.87 0.86 0.84 0.83 0.82 0.80 0.78 0.77 0.75 0.73 0.73 0.73 0.73 0.72 0.73 0.74 0.75 0.76
0.92 0.91 0.91 0.89 0.88 0.88 0.87 0.86 0.84 0.83 0.82 0.80 0.78 0.75 0.73 0.73 0.73 0.73 0.72 0.72 0.73 0.74 0.75
0.93 0.92 0.92 0.90 0.89 0.88 0.88 0.87 0.86 0.84 0.83 0.81 0.79 0.77 0.74 0.73 0.72 0.72 0.73 0.72 0.73 0.74 0.74
0.94 0.93 0.92 0.91 0.90 0.90 0.89 0.88 0.87 0.86 0.84 0.82 0.80 0.78 0.76 0.74 0.73 0.72 0.71 0.72 0.73 0.73 0.75
LUT_ML[:,:,12] = 
0.80 0.80 0.79 0.78 0.77 0.76 0.76 0.75 0.75 0.76 0.75 0.75 0.75 0.75 0.75 0.75 0.74 0.74 0.74 0.75 0.77 0.79 0.81
0.80 0.80 0.79 0.78 0.77 0.76 0.75 0.75 0.75 0.75 0.75 0.75 0.75 0.75 0.75 0.74 0.74 0.74 0.74 0.75 0.77 0.79 0.81
0.80 0.80 0.78 0.77 0.76 0.76 0.75 0.75 0.75 0.75 0.75 0.75 0.75 0.74 0.74 0.74 0.74 0.74 0.74 0.75 0.76 0.78 0.81
0.80 0.79 0.78 0.77 0.76 0.75 0.75 0.74 0.74 0.74 0.74 0.74 0.74 0.74 0.73 0.73 0.73 0.73 0.73 0.74 0.76 0.78 0.80
0.80 0.79 0.78 0.76 0.75 0.74 0.74 0.73 0.73 0.73 0.73 0.73 0.73 0.73 0.72 0.72 0.72 0.72 0.72 0.73 0.75 0.78 0.80
0.80 0.79 0.78 0.76 0.75 0.74 0.73 0.72 0.72 0.72 0.72 0.72 0.72 0.72 0.71 0.71 0.71 0.71 0.72 0.73 0.76 0.78 0.81
0.80 0.79 0.78 0.75 0.74 0.73 0.72 0.71 0.71 0.71 0.70 0.71 0.71 0.71 0.71 0.71 0.71 0.71 0.72 0.74 0.76 0.79 0.81
0.80 0.79 0.78 0.75 0.74 0.73 0.72 0.72 0.71 0.71 0.71 0.71 0.71 0.71 0.71 0.72 0.72 0.72 0.73 0.75 0.77 0.80 0.81
0.81 0.80 0.80 0.77 0.76 0.75 0.74 0.73 0.73 0.72 0.72 0.72 0.72 0.72 0.72 0.72 0.72 0.72 0.73 0.76 0.79 0.81 0.82
0.81 0.81 0.80 0.78 0.77 0.76 0.75 0.74 0.73 0.73 0.73 0.73 0.73 0.73 0.73 0.73 0.73 0.72 0.74 0.77 0.80 0.81 0.82
0.82 0.82 0.81 0.80 0.78 0.77 0.76 0.75 0.74 0.74 0.73 0.73 0.73 0.73 0.73 0.73 0.74 0.73 0.75 0.78 0.80 0.81 0.82
0.83 0.83 0.82 0.81 0.80 0.79 0.78 0.77 0.76 0.75 0.74 0.74 0.73 0.73 0.73 0.73 0.73 0.73 0.76 0.79 0.80 0.81 0.82
0.84 0.83 0.83 0.82 0.81 0.80 0.79 0.78 0.77 0.76 0.75 0.74 0.74 0.74 0.73 0.73 0.73 0.73 0.76 0.78 0.79 0.81 0.82
0.86 0.85 0.84 0.83 0.82 0.81 0.80 0.79 0.78 0.77 0.76 0.75 0.75 0.74 0.74 0.73 0.72 0.73 0.75 0.77 0.78 0.80 0.81
0.89 0.87 0.86 0.84 0.83 0.83 0.82 0.81 0.80 0.79 0.78 0.77 0.76 0.75 0.74 0.73 0.72 0.72 0.74 0.76 0.77 0.78 0.80
0.91 0.90 0.88 0.86 0.84 0.84 0.83 0.82 0.81 0.80 0.79 0.78 0.77 0.75 0.75 0.74 0.72 0.72 0.73 0.74 0.76 0.77 0.78
0.92 0.91 0.90 0.88 0.87 0.86 0.84 0.83 0.82 0.81 0.80 0.79 0.78 0.76 0.75 0.74 0.73 0.73 0.73 0.73 0.74 0.76 0.77
0.93 0.91 0.91 0.89 0.88 0.87 0.86 0.85 0.83 0.82 0.81 0.80 0.79 0.77 0.76 0.75 0.74 0.73 0.72 0.73 0.73 0.74 0.76
0.94 0.92 0.91 0.90 0.89 0.88 0.87 0.86 0.85 0.83 0.82 0.81 0.79 0.78 0.77 0.75 0.74 0.74 0.72 0.72 0.73 0.73 0.74
0.95 0.93 0.92 0.91 0.90 0.89 0.88 0.87 0.86 0.85 0.83 0.82 0.80 0.79 0.78 0.76 0.75 0.74 0.73 0.72 0.72 0.73 0.73
0.96 0.94 0.93 0.92 0.91 0.90 0.89 0.88 0.87 0.86 0.85 0.83 0.82 0.80 0.78 0.76 0.76 0.75 0.73 0.72 0.72 0.72 0.73
LUT_ML[:,:,13] = 
0.80 0.79 0.78 0.76 0.75 0.74 0.74 0.74 0.74 0.74 0.74 0.74 0.74 0.74 0.74 0.74 0.74 0.74 0.73 0.74 0.75 0.76 0.77
0.80 0.79 0.78 0.76 0.75 0.74 0.74 0.74 0.74 0.74 0.74 0.74 0.74 0.74 0.74 0.74 0.74 0.74 0.73 0.74 0.75 0.76 0.77
0.80 0.79 0.78 0.76 0.75 0.74 0.74 0.74 0.74 0.74 0.74 0.74 0.74 0.74 0.74 0.74 0.73 0.73 0.73 0.73 0.74 0.75 0.76
0.80 0.79 0.77 0.76 0.74 0.73 0.73 0.73 0.73 0.73 0.73 0.73 0.73 0.73 0.73 0.73 0.73 0.72 0.72 0.73 0.74 0.75 0.76
0.80 0.79 0.77 0.75 0.74 0.73 0.72 0.72 0.72 0.72 0.72 0.72 0.72 0.72 0.72 0.72 0.72 0.71 0.71 0.72 0.73 0.75 0.76
0.80 0.79 0.77 0.75 0.73 0.72 0.71 0.70 0.70 0.70 0.70 0.71 0.71 0.71 0.71 0.71 0.71 0.71 0.71 0.72 0.74 0.75 0.77
0.80 0.79 0.77 0.75 0.73 0.72 0.70 0.69 0.69 0.69 0.69 0.70 0.70 0.70 0.71 0.71 0.71 0.71 0.71 0.72 0.74 0.76 0.77
0.80 0.79 0.78 0.76 0.74 0.73 0.72 0.70 0.70 0.70 0.70 0.70 0.70 0.70 0.71 0.71 0.71 0.72 0.72 0.73 0.75 0.76 0.79
0.81 0.81 0.80 0.78 0.77 0.75 0.74 0.73 0.71 0.71 0.71 0.70 0.70 0.71 0.71 0.71 0.71 0.72 0.72 0.74 0.75 0.77 0.80
0.82 0.82 0.81 0.80 0.78 0.77 0.76 0.75 0.74 0.73 0.72 0.72 0.71 0.71 0.71 0.71 0.71 0.72 0.72 0.74 0.76 0.78 0.80
0.83 0.83 0.82 0.81 0.79 0.78 0.77 0.76 0.75 0.74 0.73 0.73 0.73 0.72 0.72 0.72 0.72 0.72 0.73 0.75 0.77 0.80 0.81
0.83 0.83 0.83 0.81 0.80 0.79 0.78 0.77 0.76 0.75 0.74 0.74 0.73 0.73 0.73 0.73 0.73 0.73 0.73 0.75 0.78 0.80 0.81
0.84 0.84 0.84 0.82 0.81 0.81 0.80 0.79 0.78 0.77 0.76 0.75 0.74 0.74 0.73 0.73 0.73 0.73 0.74 0.75 0.78 0.80 0.81
0.86 0.85 0.84 0.83 0.82 0.82 0.81 0.80 0.79 0.78 0.77 0.76 0.75 0.74 0.74 0.74 0.74 0.73 0.74 0.75 0.77 0.78 0.80
0.88 0.86 0.85 0.84 0.83 0.83 0.82 0.81 0.80 0.79 0.78 0.77 0.76 0.75 0.75 0.74 0.74 0.74 0.74 0.75 0.76 0.77 0.79
0.91 0.89 0.87 0.85 0.84 0.84 0.83 0.83 0.82 0.81 0.80 0.79 0.78 0.77 0.76 0.75 0.74 0.74 0.74 0.75 0.75 0.76 0.78
0.93 0.92 0.90 0.87 0.86 0.85 0.84 0.84 0.83 0.82 0.81 0.80 0.79 0.78 0.77 0.76 0.75 0.74 0.75 0.74 0.74 0.75 0.76
0.94 0.93 0.92 0.89 0.88 0.87 0.86 0.85 0.84 0.83 0.82 0.81 0.81 0.79 0.78 0.77 0.76 0.75 0.75 0.74 0.73 0.74 0.75
0.95 0.94 0.92 0.90 0.89 0.88 0.87 0.86 0.86 0.84 0.83 0.82 0.81 0.80 0.79 0.78 0.76 0.76 0.75 0.74 0.73 0.73 0.74
0.96 0.95 0.93 0.91 0.90 0.89 0.88 0.87 0.87 0.85 0.84 0.83 0.82 0.81 0.80 0.79 0.78 0.76 0.75 0.74 0.73 0.73 0.73
0.97 0.96 0.94 0.93 0.91 0.90 0.89 0.89 0.88 0.87 0.85 0.84 0.82 0.81 0.80 0.79 0.78 0.77 0.76 0.75 0.73 0.73 0.73
LUT_ML[:,:,14] = 
0.80 0.79 0.77 0.76 0.75 0.74 0.74 0.73 0.73 0.74 0.74 0.74 0.74 0.74 0.74 0.74 0.74 0.73 0.73 0.73 0.74 0.75 0.76
0.80 0.79 0.77 0.76 0.75 0.74 0.73 0.73 0.73 0.73 0.73 0.73 0.74 0.74 0.74 0.73 0.73 0.73 0.73 0.73 0.74 0.75 0.76
0.80 0.79 0.77 0.76 0.74 0.73 0.73 0.73 0.73 0.73 0.73 0.73 0.73 0.73 0.73 0.73 0.73 0.73 0.73 0.73 0.74 0.75 0.76
0.80 0.79 0.77 0.75 0.74 0.73 0.72 0.72 0.72 0.72 0.72 0.72 0.72 0.72 0.72 0.72 0.72 0.72 0.72 0.72 0.73 0.74 0.76
0.80 0.79 0.77 0.75 0.73 0.72 0.71 0.71 0.71 0.71 0.71 0.71 0.71 0.71 0.71 0.71 0.71 0.71 0.71 0.71 0.73 0.74 0.76
0.80 0.79 0.77 0.75 0.73 0.72 0.70 0.70 0.70 0.70 0.70 0.70 0.70 0.70 0.70 0.71 0.71 0.71 0.71 0.72 0.73 0.75 0.76
0.80 0.78 0.77 0.74 0.73 0.71 0.70 0.69 0.69 0.69 0.69 0.69 0.70 0.70 0.70 0.71 0.71 0.71 0.71 0.72 0.74 0.75 0.77
0.80 0.79 0.78 0.76 0.74 0.73 0.72 0.71 0.69 0.69 0.69 0.69 0.70 0.70 0.70 0.71 0.71 0.71 0.72 0.73 0.74 0.76 0.77
0.82 0.81 0.80 0.78 0.77 0.75 0.74 0.73 0.71 0.71 0.70 0.70 0.70 0.70 0.70 0.71 0.71 0.71 0.72 0.73 0.75 0.76 0.78
0.83 0.82 0.82 0.80 0.79 0.78 0.76 0.75 0.74 0.72 0.72 0.71 0.71 0.71 0.70 0.71 0.71 0.71 0.72 0.74 0.76 0.77 0.79
0.83 0.83 0.82 0.81 0.80 0.79 0.78 0.76 0.75 0.74 0.73 0.73 0.73 0.72 0.72 0.71 0.71 0.71 0.72 0.74 0.76 0.78 0.80
0.84 0.83 0.83 0.82 0.81 0.80 0.79 0.78 0.76 0.76 0.75 0.74 0.73 0.73 0.73 0.73 0.73 0.72 0.72 0.74 0.76 0.79 0.80
0.85 0.84 0.84 0.83 0.82 0.81 0.80 0.79 0.78 0.77 0.76 0.75 0.74 0.74 0.73 0.73 0.73 0.73 0.73 0.74 0.76 0.79 0.81
0.87 0.85 0.85 0.83 0.83 0.82 0.81 0.80 0.79 0.78 0.77 0.76 0.75 0.75 0.74 0.74 0.74 0.73 0.74 0.75 0.76 0.78 0.80
0.88 0.87 0.85 0.84 0.83 0.83 0.83 0.82 0.81 0.80 0.79 0.78 0.77 0.76 0.75 0.75 0.74 0.74 0.74 0.76 0.76 0.77 0.78
0.91 0.89 0.87 0.85 0.84 0.84 0.83 0.83 0.82 0.81 0.80 0.79 0.78 0.77 0.76 0.76 0.75 0.74 0.75 0.76 0.76 0.76 0.77
0.94 0.91 0.89 0.86 0.85 0.85 0.84 0.84 0.83 0.82 0.82 0.81 0.80 0.79 0.78 0.77 0.76 0.75 0.75 0.76 0.76 0.75 0.76
0.95 0.94 0.92 0.89 0.87 0.86 0.85 0.85 0.84 0.83 0.83 0.82 0.81 0.80 0.79 0.78 0.76 0.76 0.76 0.76 0.75 0.75 0.75
0.96 0.94 0.93 0.91 0.90 0.89 0.87 0.86 0.85 0.85 0.84 0.83 0.82 0.81 0.80 0.79 0.77 0.76 0.76 0.75 0.75 0.75 0.74
0.97 0.95 0.94 0.92 0.91 0.90 0.89 0.88 0.87 0.86 0.85 0.84 0.83 0.82 0.81 0.79 0.78 0.77 0.76 0.75 0.75 0.75 0.74
0.98 0.96 0.95 0.93 0.92 0.91 0.90 0.89 0.88 0.87 0.86 0.84 0.83 0.82 0.81 0.80 0.79 0.78 0.77 0.76 0.75 0.75 0.74
