LUT_ML[:,:,0] = 
0.64 0.70 0.75 0.82 0.85 0.88 0.90 0.90 0.90 0.90 0.91 0.91 0.90 0.89 0.88 0.86 0.85 0.83 0.80 0.78 0.76 0.76 0.75
0.64 0.70 0.75 0.82 0.85 0.87 0.90 0.90 0.90 0.91 0.91 0.91 0.90 0.89 0.88 0.86 0.84 0.83 0.80 0.77 0.76 0.76 0.75
0.64 0.69 0.75 0.81 0.85 0.87 0.89 0.90 0.90 0.91 0.91 0.91 0.90 0.89 0.87 0.86 0.84 0.83 0.80 0.77 0.76 0.76 0.75
0.63 0.67 0.73 0.80 0.84 0.86 0.89 0.90 0.91 0.91 0.91 0.90 0.90 0.88 0.87 0.85 0.84 0.82 0.79 0.76 0.76 0.75 0.75
0.61 0.65 0.71 0.79 0.83 0.85 0.88 0.91 0.91 0.91 0.91 0.90 0.89 0.88 0.86 0.85 0.83 0.81 0.78 0.76 0.76 0.75 0.75
0.59 0.63 0.69 0.76 0.80 0.84 0.86 0.89 0.92 0.91 0.91 0.90 0.89 0.87 0.86 0.84 0.82 0.81 0.78 0.77 0.76 0.75 0.75
0.57 0.61 0.67 0.73 0.78 0.81 0.85 0.87 0.90 0.91 0.90 0.89 0.88 0.86 0.85 0.83 0.82 0.80 0.78 0.77 0.76 0.76 0.76
0.53 0.59 0.65 0.70 0.74 0.78 0.81 0.84 0.87 0.88 0.88 0.88 0.87 0.86 0.84 0.82 0.81 0.80 0.79 0.78 0.78 0.77 0.77
0.49 0.56 0.66 0.71 0.75 0.78 0.81 0.83 0.85 0.86 0.86 0.85 0.84 0.83 0.83 0.82 0.82 0.81 0.81 0.80 0.80 0.79 0.78
0.45 0.54 0.64 0.74 0.77 0.81 0.82 0.84 0.84 0.85 0.85 0.84 0.84 0.84 0.84 0.84 0.84 0.84 0.83 0.83 0.82 0.82 0.81
0.43 0.54 0.66 0.75 0.79 0.83 0.85 0.84 0.85 0.85 0.85 0.85 0.86 0.86 0.86 0.85 0.85 0.85 0.85 0.85 0.85 0.84 0.83
0.37 0.54 0.67 0.77 0.81 0.84 0.85 0.86 0.86 0.86 0.86 0.86 0.86 0.86 0.87 0.87 0.87 0.86 0.87 0.87 0.87 0.86 0.85
0.33 0.50 0.67 0.78 0.82 0.84 0.86 0.86 0.87 0.87 0.87 0.87 0.87 0.87 0.87 0.87 0.87 0.87 0.88 0.88 0.88 0.88 0.87
0.29 0.46 0.63 0.78 0.82 0.84 0.86 0.87 0.87 0.87 0.87 0.87 0.87 0.87 0.88 0.88 0.88 0.88 0.88 0.89 0.90 0.90 0.89
0.24 0.41 0.57 0.74 0.81 0.84 0.86 0.87 0.88 0.88 0.88 0.88 0.88 0.88 0.88 0.89 0.89 0.89 0.89 0.90 0.91 0.91 0.91
0.19 0.35 0.51 0.67 0.75 0.82 0.86 0.88 0.88 0.88 0.88 0.88 0.89 0.89 0.89 0.89 0.90 0.90 0.90 0.90 0.91 0.92 0.92
0.14 0.29 0.45 0.61 0.68 0.76 0.82 0.87 0.88 0.88 0.89 0.89 0.89 0.89 0.89 0.89 0.90 0.90 0.91 0.91 0.91 0.92 0.93
0.10 0.24 0.39 0.55 0.62 0.69 0.77 0.82 0.87 0.89 0.89 0.89 0.89 0.89 0.90 0.90 0.90 0.91 0.92 0.92 0.92 0.92 0.93
0.06 0.19 0.33 0.48 0.56 0.63 0.70 0.77 0.82 0.86 0.88 0.90 0.90 0.90 0.90 0.90 0.90 0.90 0.92 0.93 0.93 0.93 0.93
0.01 0.15 0.28 0.42 0.50 0.57 0.64 0.71 0.77 0.81 0.85 0.87 0.89 0.90 0.90 0.91 0.91 0.91 0.92 0.94 0.95 0.95 0.95
-0.03 0.10 0.24 0.37 0.44 0.51 0.58 0.65 0.71 0.76 0.80 0.83 0.86 0.88 0.91 0.91 0.91 0.91 0.92 0.94 0.95 0.96 0.96
LUT_ML[:,:,1] = 
0.65 0.71 0.76 0.81 0.84 0.86 0.89 0.90 0.90 0.90 0.90 0.90 0.90 0.89 0.87 0.86 0.84 0.83 0.80 0.77 0.76 0.76 0.76
0.64 0.70 0.75 0.81 0.84 0.86 0.89 0.90 0.90 0.90 0.90 0.90 0.90 0.89 0.87 0.86 0.84 0.83 0.80 0.77 0.76 0.76 0.75
0.64 0.70 0.75 0.80 0.84 0.86 0.89 0.90 0.90 0.90 0.90 0.90 0.90 0.89 0.87 0.86 0.84 0.82 0.79 0.77 0.76 0.76 0.75
0.63 0.68 0.73 0.79 0.83 0.86 0.88 0.90 0.90 0.90 0.91 0.90 0.89 0.88 0.86 0.85 0.83 0.82 0.79 0.76 0.76 0.75 0.75
0.62 0.66 0.71 0.78 0.82 0.84 0.87 0.90 0.91 0.91 0.90 0.90 0.89 0.87 0.86 0.84 0.83 0.81 0.78 0.76 0.76 0.75 0.75
0.60 0.64 0.69 0.75 0.79 0.83 0.86 0.89 0.91 0.91 0.90 0.89 0.88 0.87 0.85 0.84 0.82 0.80 0.77 0.76 0.76 0.75 0.75
0.58 0.62 0.66 0.73 0.77 0.81 0.84 0.87 0.90 0.91 0.90 0.89 0.88 0.86 0.84 0.83 0.81 0.79 0.77 0.77 0.76 0.76 0.75
0.54 0.60 0.64 0.69 0.74 0.78 0.81 0.84 0.87 0.89 0.89 0.88 0.87 0.85 0.83 0.82 0.80 0.79 0.79 0.78 0.77 0.77 0.76
0.50 0.57 0.65 0.71 0.74 0.78 0.80 0.83 0.85 0.86 0.86 0.85 0.84 0.83 0.83 0.82 0.82 0.81 0.80 0.80 0.79 0.79 0.78
0.46 0.54 0.63 0.73 0.76 0.80 0.82 0.84 0.84 0.84 0.85 0.84 0.84 0.84 0.84 0.84 0.84 0.84 0.83 0.82 0.82 0.81 0.81
0.44 0.53 0.64 0.74 0.78 0.82 0.84 0.84 0.84 0.85 0.85 0.85 0.86 0.86 0.85 0.85 0.85 0.85 0.85 0.85 0.84 0.84 0.83
0.39 0.52 0.65 0.76 0.79 0.82 0.85 0.85 0.85 0.86 0.86 0.86 0.86 0.86 0.86 0.87 0.87 0.86 0.87 0.87 0.87 0.86 0.85
0.33 0.49 0.65 0.76 0.80 0.83 0.85 0.86 0.86 0.86 0.86 0.86 0.86 0.87 0.87 0.87 0.87 0.87 0.88 0.88 0.88 0.88 0.87
0.28 0.45 0.61 0.76 0.81 0.83 0.85 0.86 0.87 0.87 0.87 0.87 0.87 0.87 0.88 0.88 0.88 0.87 0.88 0.89 0.90 0.90 0.89
0.23 0.39 0.55 0.73 0.79 0.83 0.85 0.87 0.87 0.87 0.87 0.87 0.88 0.88 0.88 0.89 0.89 0.89 0.88 0.89 0.90 0.91 0.91
0.17 0.33 0.49 0.66 0.74 0.81 0.85 0.87 0.87 0.88 0.88 0.88 0.88 0.88 0.88 0.89 0.89 0.90 0.90 0.90 0.90 0.91 0.92
0.13 0.28 0.44 0.59 0.67 0.75 0.82 0.87 0.88 0.88 0.88 0.88 0.88 0.88 0.89 0.89 0.89 0.90 0.91 0.91 0.91 0.91 0.92
0.08 0.22 0.38 0.53 0.61 0.68 0.76 0.82 0.87 0.88 0.88 0.89 0.89 0.89 0.89 0.89 0.89 0.90 0.91 0.92 0.92 0.92 0.92
0.04 0.18 0.32 0.47 0.55 0.62 0.69 0.76 0.82 0.86 0.88 0.89 0.89 0.89 0.89 0.90 0.90 0.90 0.92 0.93 0.93 0.93 0.93
-0.00 0.13 0.27 0.41 0.48 0.56 0.63 0.70 0.76 0.81 0.85 0.87 0.89 0.90 0.90 0.90 0.90 0.90 0.91 0.93 0.94 0.94 0.94
-0.05 0.09 0.22 0.35 0.42 0.50 0.57 0.64 0.71 0.76 0.80 0.83 0.86 0.88 0.90 0.90 0.90 0.91 0.91 0.93 0.95 0.96 0.96
LUT_ML[:,:,2] = 
0.65 0.71 0.76 0.81 0.83 0.85 0.88 0.89 0.90 0.90 0.90 0.90 0.90 0.89 0.87 0.86 0.84 0.82 0.79 0.77 0.76 0.76 0.76
0.65 0.71 0.76 0.80 0.83 0.85 0.88 0.89 0.90 0.90 0.90 0.90 0.90 0.89 0.87 0.85 0.84 0.82 0.79 0.77 0.76 0.76 0.75
0.65 0.70 0.75 0.80 0.83 0.85 0.88 0.89 0.90 0.90 0.90 0.90 0.90 0.88 0.87 0.85 0.84 0.82 0.79 0.76 0.76 0.76 0.75
0.64 0.68 0.74 0.79 0.82 0.85 0.87 0.90 0.90 0.90 0.90 0.90 0.89 0.88 0.86 0.85 0.83 0.81 0.78 0.76 0.76 0.75 0.75
0.63 0.66 0.72 0.77 0.81 0.84 0.86 0.89 0.90 0.90 0.90 0.89 0.88 0.87 0.85 0.84 0.82 0.80 0.77 0.76 0.76 0.75 0.75
0.61 0.65 0.69 0.75 0.79 0.82 0.85 0.88 0.91 0.91 0.90 0.89 0.88 0.86 0.85 0.83 0.81 0.79 0.77 0.76 0.75 0.75 0.75
0.59 0.63 0.67 0.72 0.76 0.80 0.84 0.86 0.90 0.90 0.89 0.88 0.87 0.86 0.84 0.82 0.80 0.79 0.77 0.76 0.76 0.76 0.75
0.55 0.61 0.64 0.69 0.73 0.77 0.81 0.84 0.87 0.89 0.89 0.88 0.86 0.85 0.83 0.81 0.80 0.79 0.78 0.78 0.77 0.77 0.76
0.52 0.59 0.64 0.70 0.74 0.77 0.80 0.83 0.85 0.86 0.86 0.85 0.84 0.83 0.83 0.82 0.81 0.81 0.80 0.80 0.79 0.78 0.78
0.47 0.55 0.61 0.72 0.76 0.79 0.82 0.84 0.84 0.84 0.84 0.84 0.84 0.84 0.84 0.84 0.84 0.83 0.83 0.82 0.82 0.81 0.80
0.46 0.54 0.63 0.73 0.77 0.81 0.83 0.84 0.84 0.84 0.84 0.85 0.86 0.86 0.85 0.85 0.85 0.85 0.85 0.85 0.84 0.83 0.83
0.41 0.52 0.64 0.74 0.78 0.81 0.84 0.84 0.85 0.85 0.85 0.85 0.86 0.86 0.86 0.87 0.87 0.86 0.87 0.87 0.86 0.86 0.85
0.35 0.48 0.63 0.74 0.79 0.82 0.84 0.85 0.85 0.86 0.86 0.86 0.86 0.87 0.87 0.87 0.87 0.87 0.88 0.88 0.88 0.88 0.87
0.29 0.43 0.59 0.73 0.79 0.82 0.84 0.86 0.86 0.86 0.86 0.86 0.87 0.87 0.87 0.88 0.87 0.87 0.88 0.89 0.90 0.90 0.89
0.23 0.37 0.53 0.71 0.78 0.82 0.84 0.86 0.86 0.87 0.87 0.87 0.87 0.87 0.87 0.88 0.89 0.89 0.88 0.89 0.90 0.91 0.91
0.16 0.32 0.48 0.64 0.73 0.80 0.84 0.86 0.87 0.87 0.87 0.87 0.87 0.88 0.88 0.88 0.89 0.89 0.89 0.89 0.90 0.91 0.92
0.11 0.26 0.42 0.58 0.66 0.74 0.81 0.86 0.87 0.87 0.88 0.88 0.88 0.88 0.88 0.88 0.89 0.90 0.91 0.91 0.91 0.91 0.92
0.07 0.21 0.36 0.51 0.59 0.68 0.75 0.81 0.86 0.88 0.88 0.88 0.88 0.88 0.88 0.89 0.89 0.90 0.91 0.92 0.92 0.92 0.92
0.03 0.16 0.30 0.45 0.53 0.61 0.68 0.76 0.81 0.86 0.88 0.88 0.89 0.89 0.89 0.89 0.89 0.89 0.91 0.93 0.93 0.93 0.93
-0.02 0.12 0.25 0.39 0.47 0.55 0.62 0.69 0.76 0.81 0.85 0.87 0.89 0.89 0.89 0.89 0.90 0.90 0.91 0.93 0.94 0.94 0.94
-0.06 0.08 0.21 0.34 0.41 0.49 0.56 0.63 0.70 0.76 0.79 0.83 0.86 0.88 0.90 0.90 0.90 0.90 0.91 0.93 0.95 0.95 0.95
LUT_ML[:,:,3] = 
0.67 0.71 0.77 0.80 0.83 0.85 0.87 0.88 0.88 0.89 0.89 0.89 0.89 0.88 0.86 0.85 0.83 0.81 0.79 0.76 0.76 0.76 0.76
0.66 0.71 0.76 0.80 0.82 0.85 0.86 0.88 0.89 0.89 0.89 0.89 0.89 0.88 0.86 0.85 0.83 0.81 0.78 0.76 0.76 0.76 0.75
0.66 0.71 0.76 0.80 0.82 0.85 0.86 0.88 0.89 0.89 0.89 0.89 0.89 0.88 0.86 0.84 0.83 0.81 0.78 0.76 0.76 0.76 0.75
0.66 0.69 0.74 0.79 0.82 0.84 0.85 0.88 0.89 0.89 0.90 0.89 0.88 0.87 0.85 0.84 0.82 0.80 0.77 0.76 0.76 0.75 0.75
0.65 0.68 0.73 0.78 0.81 0.83 0.84 0.87 0.89 0.90 0.90 0.89 0.88 0.86 0.85 0.83 0.81 0.79 0.76 0.76 0.76 0.75 0.75
0.63 0.67 0.71 0.76 0.78 0.82 0.83 0.85 0.89 0.90 0.89 0.88 0.87 0.85 0.83 0.82 0.80 0.78 0.76 0.76 0.75 0.75 0.75
0.61 0.65 0.69 0.73 0.76 0.79 0.82 0.84 0.87 0.89 0.88 0.88 0.86 0.84 0.83 0.81 0.79 0.77 0.76 0.76 0.75 0.75 0.75
0.58 0.63 0.66 0.69 0.72 0.76 0.80 0.84 0.87 0.89 0.88 0.87 0.85 0.83 0.82 0.80 0.79 0.78 0.78 0.77 0.76 0.76 0.76
0.56 0.62 0.67 0.70 0.73 0.76 0.79 0.83 0.85 0.86 0.86 0.85 0.84 0.82 0.82 0.81 0.81 0.80 0.79 0.79 0.78 0.78 0.78
0.50 0.59 0.64 0.70 0.73 0.77 0.80 0.82 0.83 0.84 0.84 0.84 0.84 0.84 0.84 0.84 0.83 0.83 0.82 0.81 0.81 0.80 0.80
0.49 0.58 0.64 0.70 0.73 0.77 0.80 0.83 0.83 0.83 0.84 0.84 0.85 0.86 0.85 0.85 0.85 0.85 0.84 0.84 0.83 0.83 0.82
0.45 0.56 0.64 0.68 0.73 0.77 0.81 0.83 0.84 0.84 0.84 0.84 0.85 0.86 0.86 0.86 0.86 0.86 0.86 0.86 0.86 0.85 0.84
0.39 0.53 0.61 0.68 0.73 0.78 0.81 0.83 0.84 0.84 0.85 0.85 0.85 0.86 0.86 0.86 0.86 0.87 0.87 0.88 0.88 0.87 0.86
0.33 0.45 0.57 0.68 0.74 0.79 0.81 0.83 0.85 0.85 0.85 0.85 0.85 0.85 0.87 0.87 0.87 0.87 0.87 0.89 0.90 0.89 0.88
0.26 0.38 0.49 0.66 0.73 0.78 0.82 0.83 0.85 0.85 0.85 0.85 0.86 0.86 0.86 0.87 0.88 0.88 0.88 0.88 0.90 0.90 0.90
0.19 0.31 0.43 0.60 0.69 0.77 0.81 0.83 0.85 0.86 0.86 0.86 0.86 0.86 0.86 0.87 0.88 0.89 0.89 0.89 0.90 0.91 0.91
0.14 0.24 0.38 0.54 0.62 0.71 0.79 0.83 0.85 0.86 0.86 0.86 0.86 0.87 0.87 0.87 0.88 0.89 0.90 0.90 0.90 0.91 0.91
0.08 0.18 0.32 0.48 0.56 0.64 0.73 0.80 0.85 0.86 0.87 0.87 0.87 0.87 0.87 0.87 0.87 0.88 0.90 0.91 0.91 0.91 0.91
0.03 0.13 0.26 0.42 0.49 0.57 0.66 0.74 0.80 0.85 0.87 0.87 0.87 0.87 0.87 0.88 0.88 0.88 0.90 0.92 0.93 0.93 0.93
-0.03 0.08 0.22 0.36 0.43 0.51 0.59 0.67 0.75 0.80 0.84 0.87 0.88 0.88 0.88 0.88 0.88 0.88 0.90 0.92 0.93 0.94 0.94
-0.08 0.04 0.17 0.30 0.37 0.45 0.52 0.60 0.68 0.74 0.79 0.83 0.86 0.88 0.88 0.88 0.89 0.89 0.89 0.91 0.93 0.95 0.95
LUT_ML[:,:,4] = 
0.69 0.72 0.76 0.79 0.81 0.84 0.88 0.90 0.90 0.90 0.90 0.89 0.88 0.86 0.85 0.83 0.82 0.80 0.77 0.77 0.76 0.76 0.76
0.69 0.72 0.76 0.79 0.81 0.84 0.88 0.90 0.91 0.90 0.90 0.89 0.88 0.86 0.84 0.83 0.81 0.80 0.77 0.76 0.76 0.76 0.76
0.69 0.72 0.75 0.79 0.81 0.84 0.87 0.90 0.91 0.90 0.90 0.89 0.88 0.86 0.84 0.83 0.81 0.79 0.77 0.76 0.76 0.76 0.75
0.69 0.72 0.75 0.79 0.81 0.83 0.86 0.90 0.91 0.90 0.90 0.89 0.87 0.85 0.83 0.82 0.80 0.78 0.76 0.76 0.76 0.76 0.75
0.69 0.71 0.74 0.78 0.80 0.82 0.85 0.88 0.91 0.90 0.90 0.88 0.87 0.84 0.82 0.81 0.79 0.77 0.76 0.76 0.76 0.75 0.75
0.69 0.70 0.73 0.76 0.78 0.81 0.84 0.87 0.90 0.90 0.89 0.88 0.85 0.83 0.81 0.79 0.78 0.76 0.76 0.76 0.75 0.75 0.75
0.67 0.69 0.72 0.75 0.77 0.80 0.83 0.85 0.88 0.90 0.88 0.86 0.84 0.82 0.80 0.78 0.77 0.76 0.76 0.76 0.75 0.75 0.75
0.64 0.67 0.70 0.74 0.75 0.79 0.83 0.85 0.86 0.88 0.86 0.84 0.82 0.81 0.79 0.79 0.78 0.77 0.77 0.76 0.76 0.76 0.76
0.62 0.67 0.72 0.75 0.77 0.79 0.81 0.84 0.86 0.86 0.85 0.82 0.81 0.81 0.80 0.80 0.79 0.79 0.78 0.77 0.77 0.77 0.77
0.57 0.65 0.70 0.75 0.76 0.78 0.80 0.82 0.84 0.83 0.83 0.83 0.83 0.83 0.83 0.82 0.82 0.81 0.80 0.79 0.79 0.79 0.79
0.54 0.64 0.70 0.73 0.74 0.76 0.78 0.81 0.83 0.83 0.81 0.82 0.83 0.84 0.85 0.85 0.84 0.84 0.83 0.82 0.81 0.81 0.81
0.53 0.61 0.68 0.72 0.73 0.76 0.78 0.80 0.82 0.82 0.82 0.82 0.83 0.84 0.85 0.85 0.86 0.86 0.85 0.85 0.84 0.83 0.82
0.46 0.58 0.66 0.71 0.73 0.75 0.78 0.79 0.81 0.82 0.82 0.82 0.82 0.83 0.84 0.85 0.85 0.86 0.86 0.86 0.86 0.85 0.84
0.39 0.51 0.63 0.70 0.72 0.75 0.77 0.79 0.80 0.82 0.83 0.83 0.83 0.83 0.84 0.85 0.86 0.86 0.86 0.87 0.87 0.87 0.86
0.32 0.44 0.57 0.67 0.71 0.74 0.76 0.78 0.79 0.82 0.83 0.83 0.83 0.83 0.84 0.85 0.86 0.87 0.87 0.87 0.88 0.88 0.87
0.26 0.37 0.49 0.62 0.68 0.72 0.74 0.76 0.79 0.81 0.83 0.83 0.84 0.84 0.84 0.84 0.85 0.86 0.88 0.88 0.88 0.88 0.88
0.20 0.30 0.42 0.54 0.61 0.68 0.72 0.75 0.79 0.81 0.83 0.84 0.84 0.84 0.84 0.84 0.85 0.86 0.88 0.89 0.89 0.89 0.89
0.15 0.25 0.35 0.46 0.53 0.59 0.66 0.74 0.78 0.81 0.83 0.84 0.84 0.84 0.85 0.85 0.85 0.86 0.88 0.89 0.90 0.90 0.89
0.09 0.19 0.28 0.39 0.44 0.51 0.59 0.67 0.75 0.81 0.83 0.84 0.85 0.85 0.85 0.85 0.85 0.85 0.87 0.89 0.91 0.91 0.91
0.04 0.13 0.23 0.32 0.37 0.43 0.52 0.60 0.69 0.76 0.82 0.85 0.85 0.85 0.85 0.85 0.86 0.86 0.87 0.89 0.91 0.92 0.92
-0.02 0.08 0.17 0.26 0.30 0.37 0.45 0.53 0.62 0.70 0.77 0.83 0.85 0.86 0.86 0.86 0.86 0.86 0.87 0.89 0.91 0.93 0.93
LUT_ML[:,:,5] = 
0.70 0.73 0.76 0.78 0.80 0.82 0.86 0.89 0.90 0.91 0.91 0.90 0.90 0.88 0.86 0.84 0.82 0.80 0.77 0.77 0.76 0.76 0.76
0.71 0.73 0.76 0.78 0.80 0.82 0.86 0.89 0.91 0.91 0.91 0.90 0.89 0.88 0.86 0.84 0.82 0.80 0.77 0.77 0.76 0.76 0.76
0.71 0.73 0.76 0.78 0.80 0.82 0.86 0.89 0.91 0.91 0.90 0.90 0.89 0.88 0.86 0.84 0.82 0.80 0.77 0.76 0.76 0.76 0.76
0.71 0.73 0.75 0.78 0.80 0.82 0.85 0.89 0.91 0.90 0.90 0.90 0.89 0.87 0.85 0.83 0.81 0.79 0.77 0.76 0.76 0.76 0.75
0.72 0.73 0.74 0.77 0.79 0.81 0.84 0.88 0.91 0.90 0.90 0.89 0.88 0.86 0.84 0.82 0.80 0.78 0.77 0.76 0.76 0.75 0.75
0.72 0.74 0.73 0.76 0.78 0.80 0.83 0.86 0.89 0.90 0.89 0.89 0.87 0.85 0.83 0.80 0.79 0.78 0.76 0.76 0.76 0.75 0.75
0.71 0.73 0.72 0.75 0.76 0.79 0.81 0.84 0.87 0.89 0.89 0.88 0.86 0.84 0.81 0.79 0.78 0.77 0.76 0.76 0.76 0.75 0.75
0.70 0.72 0.73 0.76 0.76 0.77 0.80 0.83 0.85 0.88 0.87 0.86 0.84 0.82 0.81 0.80 0.79 0.78 0.76 0.76 0.76 0.76 0.76
0.67 0.72 0.76 0.78 0.79 0.80 0.81 0.82 0.84 0.85 0.85 0.84 0.84 0.83 0.82 0.80 0.79 0.78 0.77 0.77 0.77 0.77 0.77
0.63 0.70 0.75 0.77 0.78 0.80 0.82 0.84 0.84 0.85 0.85 0.85 0.85 0.84 0.83 0.82 0.81 0.79 0.79 0.79 0.79 0.79 0.78
0.61 0.67 0.73 0.76 0.77 0.78 0.81 0.83 0.84 0.85 0.86 0.86 0.86 0.85 0.84 0.83 0.82 0.81 0.81 0.81 0.80 0.80 0.80
0.57 0.65 0.71 0.76 0.76 0.78 0.80 0.82 0.83 0.84 0.85 0.85 0.85 0.86 0.85 0.84 0.83 0.83 0.82 0.82 0.82 0.82 0.81
0.52 0.61 0.70 0.74 0.76 0.78 0.80 0.81 0.82 0.83 0.85 0.84 0.84 0.84 0.84 0.84 0.84 0.84 0.84 0.83 0.83 0.83 0.83
0.45 0.58 0.67 0.73 0.75 0.77 0.79 0.80 0.81 0.82 0.84 0.84 0.83 0.83 0.83 0.83 0.84 0.84 0.84 0.84 0.84 0.84 0.84
0.38 0.50 0.63 0.72 0.74 0.76 0.78 0.79 0.80 0.81 0.83 0.83 0.83 0.82 0.82 0.82 0.83 0.84 0.85 0.85 0.85 0.85 0.85
0.32 0.43 0.56 0.68 0.72 0.74 0.76 0.78 0.79 0.80 0.82 0.83 0.82 0.82 0.81 0.82 0.83 0.84 0.86 0.85 0.85 0.86 0.85
0.27 0.37 0.48 0.61 0.68 0.72 0.75 0.77 0.78 0.79 0.80 0.82 0.82 0.81 0.82 0.82 0.83 0.84 0.86 0.87 0.86 0.86 0.86
0.21 0.31 0.41 0.53 0.59 0.66 0.72 0.75 0.77 0.78 0.79 0.81 0.81 0.81 0.82 0.82 0.82 0.83 0.85 0.87 0.87 0.87 0.87
0.16 0.25 0.35 0.45 0.51 0.58 0.64 0.70 0.75 0.77 0.78 0.80 0.80 0.81 0.82 0.83 0.83 0.83 0.85 0.87 0.88 0.88 0.88
0.10 0.20 0.29 0.38 0.44 0.50 0.56 0.62 0.68 0.74 0.77 0.78 0.80 0.82 0.83 0.83 0.83 0.83 0.85 0.87 0.88 0.89 0.89
0.05 0.14 0.23 0.32 0.37 0.42 0.48 0.54 0.60 0.66 0.72 0.78 0.80 0.82 0.83 0.83 0.84 0.84 0.84 0.86 0.88 0.90 0.90
LUT_ML[:,:,6] = 
0.73 0.73 0.76 0.79 0.81 0.81 0.82 0.84 0.85 0.86 0.88 0.88 0.87 0.86 0.85 0.84 0.84 0.84 0.84 0.83 0.81 0.80 0.78
0.73 0.73 0.76 0.79 0.81 0.81 0.82 0.84 0.85 0.86 0.87 0.88 0.87 0.86 0.85 0.84 0.84 0.84 0.83 0.82 0.81 0.80 0.78
0.73 0.73 0.76 0.79 0.80 0.81 0.82 0.84 0.85 0.86 0.87 0.87 0.87 0.86 0.85 0.84 0.84 0.83 0.83 0.82 0.81 0.80 0.78
0.73 0.74 0.76 0.79 0.79 0.80 0.80 0.83 0.85 0.86 0.87 0.87 0.86 0.85 0.84 0.84 0.83 0.83 0.83 0.82 0.81 0.79 0.77
0.73 0.75 0.77 0.78 0.78 0.78 0.79 0.82 0.84 0.85 0.86 0.87 0.86 0.85 0.84 0.84 0.83 0.83 0.82 0.81 0.80 0.79 0.77
0.74 0.75 0.77 0.76 0.76 0.76 0.77 0.79 0.83 0.85 0.86 0.86 0.85 0.84 0.84 0.83 0.83 0.82 0.82 0.81 0.79 0.78 0.76
0.74 0.75 0.76 0.74 0.74 0.74 0.75 0.77 0.81 0.84 0.85 0.85 0.84 0.84 0.83 0.83 0.82 0.82 0.81 0.80 0.79 0.78 0.77
0.75 0.75 0.75 0.74 0.73 0.73 0.74 0.76 0.79 0.83 0.84 0.85 0.85 0.84 0.84 0.83 0.83 0.82 0.81 0.81 0.79 0.78 0.77
0.74 0.76 0.77 0.76 0.76 0.77 0.77 0.79 0.81 0.82 0.84 0.85 0.85 0.85 0.84 0.84 0.83 0.82 0.82 0.81 0.80 0.79 0.77
0.71 0.75 0.78 0.79 0.80 0.80 0.81 0.82 0.82 0.83 0.84 0.85 0.86 0.86 0.86 0.85 0.84 0.84 0.83 0.82 0.81 0.80 0.78
0.70 0.74 0.78 0.80 0.81 0.82 0.83 0.83 0.84 0.84 0.85 0.86 0.87 0.87 0.87 0.86 0.86 0.85 0.84 0.83 0.82 0.80 0.79
0.67 0.72 0.77 0.80 0.81 0.82 0.84 0.84 0.85 0.85 0.86 0.86 0.87 0.88 0.87 0.87 0.87 0.86 0.85 0.84 0.82 0.81 0.80
0.63 0.70 0.75 0.79 0.81 0.82 0.83 0.84 0.85 0.86 0.87 0.87 0.88 0.89 0.88 0.88 0.87 0.87 0.85 0.84 0.83 0.81 0.80
0.60 0.67 0.73 0.78 0.80 0.81 0.82 0.83 0.84 0.85 0.87 0.88 0.88 0.89 0.89 0.89 0.88 0.88 0.86 0.85 0.83 0.81 0.80
0.52 0.64 0.71 0.76 0.78 0.80 0.81 0.82 0.83 0.84 0.85 0.87 0.88 0.89 0.89 0.89 0.88 0.88 0.87 0.86 0.83 0.81 0.80
0.46 0.56 0.68 0.74 0.77 0.79 0.80 0.81 0.82 0.83 0.84 0.86 0.87 0.88 0.88 0.88 0.88 0.88 0.88 0.87 0.84 0.81 0.80
0.40 0.50 0.62 0.73 0.75 0.77 0.79 0.80 0.81 0.82 0.83 0.85 0.86 0.87 0.88 0.87 0.87 0.87 0.87 0.87 0.85 0.82 0.81
0.34 0.44 0.54 0.67 0.73 0.75 0.77 0.79 0.80 0.81 0.82 0.83 0.85 0.86 0.87 0.87 0.86 0.86 0.86 0.86 0.85 0.82 0.81
0.29 0.38 0.48 0.59 0.65 0.71 0.75 0.77 0.79 0.80 0.81 0.82 0.84 0.85 0.86 0.86 0.86 0.85 0.85 0.85 0.85 0.83 0.82
0.23 0.33 0.42 0.52 0.57 0.63 0.69 0.74 0.78 0.79 0.80 0.81 0.83 0.84 0.85 0.86 0.85 0.85 0.84 0.84 0.84 0.83 0.83
0.17 0.27 0.36 0.45 0.50 0.55 0.61 0.67 0.73 0.78 0.79 0.80 0.81 0.83 0.84 0.85 0.85 0.84 0.83 0.83 0.83 0.83 0.84
LUT_ML[:,:,7] = 
0.73 0.74 0.75 0.77 0.78 0.80 0.81 0.81 0.82 0.82 0.82 0.82 0.83 0.84 0.84 0.84 0.84 0.84 0.83 0.83 0.83 0.83 0.83
0.73 0.74 0.75 0.77 0.78 0.80 0.81 0.81 0.81 0.82 0.82 0.82 0.82 0.84 0.84 0.84 0.84 0.84 0.83 0.83 0.83 0.83 0.83
0.73 0.74 0.75 0.77 0.78 0.80 0.81 0.81 0.81 0.82 0.82 0.82 0.82 0.84 0.84 0.84 0.84 0.84 0.83 0.83 0.83 0.83 0.83
0.74 0.75 0.75 0.77 0.78 0.79 0.79 0.81 0.81 0.81 0.81 0.81 0.82 0.84 0.84 0.84 0.84 0.83 0.83 0.82 0.82 0.82 0.82
0.74 0.75 0.76 0.77 0.77 0.77 0.77 0.79 0.80 0.80 0.80 0.81 0.82 0.84 0.84 0.84 0.84 0.83 0.82 0.82 0.82 0.82 0.82
0.74 0.75 0.76 0.76 0.76 0.75 0.75 0.76 0.78 0.79 0.80 0.81 0.82 0.84 0.84 0.84 0.83 0.82 0.81 0.81 0.81 0.81 0.81
0.73 0.74 0.76 0.74 0.73 0.73 0.73 0.73 0.75 0.78 0.80 0.81 0.82 0.83 0.84 0.83 0.83 0.82 0.81 0.81 0.81 0.81 0.81
0.73 0.74 0.75 0.74 0.74 0.74 0.73 0.73 0.75 0.79 0.81 0.82 0.83 0.84 0.85 0.84 0.83 0.83 0.81 0.81 0.81 0.81 0.81
0.74 0.75 0.76 0.77 0.78 0.78 0.78 0.77 0.78 0.79 0.81 0.82 0.83 0.84 0.85 0.85 0.84 0.83 0.82 0.81 0.81 0.81 0.82
0.72 0.74 0.77 0.79 0.80 0.79 0.79 0.79 0.79 0.80 0.81 0.82 0.83 0.84 0.85 0.86 0.85 0.84 0.83 0.82 0.82 0.82 0.82
0.73 0.76 0.79 0.81 0.81 0.80 0.80 0.79 0.80 0.81 0.82 0.83 0.84 0.85 0.86 0.87 0.86 0.86 0.84 0.83 0.83 0.83 0.83
0.73 0.77 0.79 0.81 0.81 0.80 0.80 0.80 0.81 0.81 0.82 0.83 0.84 0.85 0.86 0.88 0.87 0.87 0.85 0.84 0.83 0.84 0.84
0.72 0.76 0.79 0.82 0.81 0.80 0.80 0.81 0.81 0.82 0.83 0.84 0.84 0.85 0.86 0.88 0.88 0.87 0.86 0.85 0.84 0.84 0.85
0.69 0.74 0.77 0.81 0.81 0.80 0.81 0.81 0.82 0.83 0.84 0.84 0.85 0.86 0.87 0.88 0.89 0.88 0.87 0.86 0.85 0.84 0.85
0.68 0.73 0.76 0.79 0.80 0.80 0.81 0.81 0.83 0.83 0.84 0.85 0.86 0.86 0.87 0.88 0.89 0.89 0.88 0.87 0.85 0.84 0.85
0.62 0.71 0.75 0.78 0.79 0.80 0.81 0.82 0.83 0.84 0.85 0.85 0.86 0.87 0.87 0.88 0.89 0.90 0.89 0.88 0.86 0.85 0.85
0.55 0.66 0.74 0.77 0.78 0.80 0.81 0.81 0.82 0.83 0.84 0.85 0.86 0.87 0.87 0.88 0.89 0.90 0.89 0.89 0.88 0.86 0.85
0.49 0.59 0.70 0.76 0.77 0.79 0.80 0.81 0.81 0.82 0.83 0.84 0.85 0.86 0.87 0.88 0.88 0.90 0.89 0.89 0.88 0.87 0.86
0.43 0.53 0.63 0.72 0.76 0.77 0.79 0.80 0.81 0.82 0.82 0.83 0.84 0.85 0.86 0.87 0.88 0.89 0.89 0.89 0.88 0.88 0.87
0.37 0.46 0.56 0.66 0.70 0.75 0.78 0.79 0.80 0.81 0.82 0.83 0.83 0.84 0.85 0.86 0.87 0.88 0.88 0.89 0.88 0.88 0.87
0.31 0.40 0.49 0.59 0.64 0.68 0.73 0.78 0.79 0.80 0.81 0.82 0.83 0.84 0.84 0.85 0.86 0.87 0.88 0.88 0.88 0.88 0.87
LUT_ML[:,:,8] = 
0.72 0.72 0.72 0.74 0.74 0.75 0.76 0.77 0.78 0.78 0.79 0.80 0.80 0.81 0.81 0.81 0.82 0.82 0.82 0.82 0.82 0.82 0.82
0.72 0.72 0.73 0.73 0.74 0.75 0.76 0.77 0.78 0.78 0.79 0.79 0.80 0.80 0.81 0.81 0.82 0.82 0.82 0.82 0.82 0.82 0.82
0.72 0.73 0.73 0.73 0.74 0.75 0.76 0.77 0.77 0.78 0.79 0.79 0.80 0.80 0.81 0.81 0.82 0.82 0.82 0.82 0.81 0.81 0.82
0.72 0.73 0.73 0.73 0.74 0.75 0.76 0.77 0.77 0.78 0.79 0.79 0.80 0.80 0.81 0.81 0.81 0.82 0.82 0.81 0.81 0.81 0.81
0.72 0.73 0.74 0.74 0.74 0.75 0.76 0.77 0.77 0.77 0.78 0.79 0.80 0.80 0.80 0.81 0.81 0.82 0.82 0.81 0.80 0.80 0.80
0.71 0.73 0.73 0.74 0.75 0.75 0.75 0.76 0.77 0.77 0.78 0.79 0.79 0.80 0.80 0.80 0.81 0.81 0.81 0.80 0.80 0.80 0.80
0.71 0.72 0.73 0.74 0.75 0.74 0.74 0.74 0.76 0.77 0.78 0.78 0.79 0.80 0.80 0.80 0.81 0.81 0.81 0.80 0.80 0.80 0.80
0.71 0.73 0.74 0.76 0.76 0.77 0.77 0.77 0.77 0.77 0.78 0.79 0.80 0.80 0.80 0.80 0.81 0.81 0.82 0.80 0.80 0.80 0.80
0.71 0.75 0.77 0.78 0.78 0.79 0.78 0.78 0.78 0.78 0.78 0.78 0.79 0.80 0.80 0.80 0.81 0.82 0.82 0.81 0.80 0.80 0.80
0.70 0.73 0.76 0.79 0.80 0.80 0.79 0.79 0.78 0.77 0.78 0.78 0.79 0.79 0.80 0.81 0.82 0.82 0.83 0.82 0.81 0.81 0.81
0.71 0.74 0.77 0.80 0.81 0.80 0.80 0.79 0.78 0.77 0.77 0.78 0.79 0.79 0.81 0.82 0.83 0.83 0.85 0.83 0.82 0.82 0.82
0.72 0.75 0.78 0.80 0.81 0.80 0.79 0.79 0.78 0.77 0.77 0.77 0.78 0.79 0.81 0.83 0.84 0.85 0.86 0.85 0.84 0.83 0.83
0.74 0.76 0.78 0.80 0.80 0.80 0.79 0.79 0.78 0.77 0.77 0.77 0.77 0.79 0.81 0.83 0.84 0.85 0.87 0.86 0.85 0.84 0.84
0.76 0.76 0.78 0.80 0.80 0.80 0.79 0.78 0.78 0.77 0.77 0.77 0.77 0.78 0.80 0.82 0.84 0.85 0.87 0.88 0.86 0.85 0.85
0.77 0.77 0.78 0.79 0.79 0.80 0.79 0.78 0.77 0.77 0.76 0.76 0.77 0.78 0.80 0.82 0.84 0.85 0.88 0.89 0.87 0.86 0.85
0.77 0.78 0.78 0.79 0.79 0.79 0.79 0.78 0.77 0.76 0.76 0.77 0.78 0.79 0.80 0.82 0.84 0.85 0.88 0.89 0.89 0.87 0.85
0.77 0.78 0.78 0.78 0.79 0.79 0.78 0.77 0.77 0.76 0.77 0.78 0.78 0.79 0.80 0.81 0.83 0.85 0.88 0.90 0.89 0.88 0.86
0.71 0.79 0.79 0.78 0.78 0.78 0.78 0.77 0.76 0.76 0.77 0.78 0.79 0.80 0.81 0.82 0.83 0.85 0.88 0.90 0.90 0.89 0.88
0.66 0.74 0.79 0.78 0.78 0.77 0.77 0.77 0.76 0.76 0.78 0.79 0.80 0.81 0.81 0.82 0.83 0.85 0.88 0.90 0.90 0.90 0.89
0.59 0.69 0.76 0.78 0.78 0.77 0.77 0.76 0.76 0.77 0.78 0.79 0.80 0.81 0.82 0.83 0.84 0.85 0.88 0.91 0.91 0.90 0.90
0.53 0.63 0.71 0.77 0.78 0.78 0.77 0.76 0.76 0.77 0.78 0.79 0.80 0.81 0.82 0.83 0.84 0.85 0.88 0.90 0.92 0.91 0.90
LUT_ML[:,:,9] = 
0.71 0.71 0.71 0.71 0.72 0.73 0.74 0.75 0.76 0.77 0.78 0.78 0.79 0.80 0.80 0.81 0.81 0.81 0.82 0.81 0.81 0.81 0.81
0.71 0.72 0.71 0.71 0.72 0.73 0.74 0.75 0.76 0.77 0.78 0.79 0.79 0.80 0.80 0.80 0.81 0.81 0.82 0.81 0.81 0.81 0.81
0.71 0.72 0.71 0.71 0.72 0.73 0.74 0.75 0.76 0.77 0.78 0.79 0.79 0.80 0.80 0.80 0.81 0.81 0.82 0.81 0.81 0.81 0.81
0.71 0.72 0.72 0.72 0.73 0.74 0.75 0.76 0.76 0.77 0.77 0.78 0.79 0.79 0.80 0.80 0.80 0.81 0.81 0.81 0.80 0.80 0.80
0.70 0.71 0.73 0.73 0.74 0.74 0.75 0.76 0.76 0.77 0.77 0.78 0.79 0.79 0.80 0.80 0.80 0.80 0.81 0.81 0.80 0.79 0.79
0.70 0.71 0.73 0.74 0.75 0.75 0.75 0.76 0.76 0.76 0.77 0.77 0.78 0.79 0.79 0.79 0.80 0.80 0.80 0.80 0.79 0.79 0.79
0.69 0.71 0.73 0.74 0.75 0.75 0.75 0.75 0.76 0.76 0.77 0.77 0.78 0.79 0.79 0.79 0.80 0.80 0.80 0.80 0.79 0.79 0.79
0.70 0.72 0.74 0.76 0.76 0.77 0.77 0.76 0.76 0.77 0.77 0.78 0.79 0.79 0.80 0.80 0.80 0.80 0.80 0.81 0.80 0.79 0.79
0.70 0.73 0.76 0.78 0.78 0.78 0.78 0.78 0.77 0.78 0.78 0.78 0.79 0.79 0.80 0.80 0.80 0.80 0.80 0.81 0.80 0.80 0.80
0.69 0.72 0.75 0.78 0.79 0.79 0.79 0.78 0.78 0.77 0.77 0.78 0.79 0.79 0.80 0.80 0.80 0.80 0.81 0.82 0.82 0.81 0.81
0.70 0.73 0.76 0.78 0.79 0.80 0.79 0.78 0.78 0.77 0.76 0.77 0.78 0.79 0.80 0.80 0.81 0.81 0.82 0.83 0.83 0.82 0.82
0.71 0.73 0.76 0.79 0.79 0.80 0.79 0.78 0.78 0.77 0.76 0.76 0.77 0.78 0.79 0.80 0.81 0.82 0.83 0.84 0.84 0.83 0.83
0.73 0.74 0.77 0.79 0.79 0.80 0.79 0.78 0.78 0.77 0.76 0.76 0.76 0.77 0.78 0.79 0.80 0.82 0.85 0.85 0.86 0.85 0.84
0.75 0.75 0.77 0.78 0.79 0.79 0.79 0.78 0.77 0.77 0.76 0.76 0.76 0.76 0.77 0.78 0.79 0.81 0.85 0.87 0.87 0.86 0.85
0.76 0.77 0.77 0.78 0.79 0.79 0.79 0.78 0.77 0.77 0.76 0.76 0.76 0.76 0.76 0.77 0.79 0.81 0.85 0.87 0.89 0.87 0.86
0.78 0.78 0.78 0.78 0.78 0.78 0.79 0.78 0.77 0.76 0.76 0.76 0.75 0.75 0.75 0.76 0.79 0.81 0.85 0.87 0.89 0.89 0.87
0.79 0.79 0.79 0.77 0.77 0.78 0.78 0.77 0.76 0.76 0.75 0.75 0.75 0.75 0.75 0.76 0.78 0.80 0.84 0.87 0.90 0.90 0.88
0.80 0.80 0.80 0.78 0.78 0.77 0.78 0.77 0.76 0.76 0.75 0.75 0.75 0.75 0.76 0.76 0.78 0.80 0.84 0.87 0.90 0.90 0.90
0.77 0.81 0.81 0.79 0.79 0.78 0.78 0.77 0.76 0.75 0.75 0.75 0.75 0.75 0.76 0.77 0.78 0.79 0.84 0.87 0.90 0.91 0.90
0.72 0.79 0.81 0.80 0.79 0.79 0.78 0.76 0.76 0.75 0.75 0.75 0.75 0.76 0.77 0.78 0.79 0.79 0.83 0.87 0.90 0.91 0.91
0.66 0.74 0.80 0.80 0.80 0.79 0.78 0.77 0.76 0.75 0.74 0.74 0.75 0.76 0.77 0.78 0.79 0.80 0.83 0.87 0.90 0.92 0.91
LUT_ML[:,:,10] = 
0.69 0.70 0.71 0.71 0.71 0.72 0.73 0.74 0.75 0.76 0.77 0.77 0.78 0.79 0.79 0.80 0.80 0.80 0.81 0.82 0.82 0.81 0.80
0.69 0.70 0.71 0.71 0.71 0.72 0.73 0.74 0.75 0.76 0.77 0.78 0.78 0.79 0.79 0.80 0.80 0.80 0.81 0.82 0.82 0.80 0.80
0.69 0.71 0.72 0.71 0.72 0.72 0.73 0.74 0.75 0.76 0.77 0.78 0.78 0.79 0.79 0.80 0.80 0.80 0.81 0.81 0.82 0.80 0.80
0.70 0.71 0.72 0.72 0.73 0.73 0.74 0.75 0.76 0.76 0.77 0.77 0.78 0.78 0.79 0.79 0.80 0.80 0.80 0.81 0.81 0.79 0.79
0.69 0.71 0.72 0.73 0.74 0.74 0.74 0.75 0.76 0.76 0.76 0.77 0.77 0.78 0.79 0.79 0.79 0.80 0.80 0.80 0.81 0.79 0.79
0.69 0.71 0.72 0.74 0.74 0.75 0.75 0.75 0.75 0.76 0.76 0.76 0.77 0.77 0.78 0.78 0.79 0.79 0.80 0.80 0.80 0.79 0.79
0.69 0.70 0.72 0.74 0.74 0.75 0.75 0.75 0.75 0.76 0.76 0.76 0.77 0.77 0.78 0.79 0.79 0.79 0.80 0.80 0.80 0.79 0.79
0.69 0.71 0.73 0.75 0.76 0.76 0.76 0.76 0.76 0.77 0.77 0.77 0.78 0.78 0.79 0.80 0.80 0.80 0.80 0.80 0.80 0.79 0.79
0.69 0.72 0.75 0.77 0.78 0.78 0.78 0.78 0.77 0.77 0.78 0.78 0.79 0.79 0.79 0.80 0.80 0.80 0.80 0.80 0.80 0.80 0.80
0.68 0.71 0.73 0.76 0.77 0.78 0.78 0.78 0.77 0.77 0.77 0.78 0.79 0.79 0.80 0.80 0.80 0.80 0.80 0.80 0.81 0.81 0.80
0.68 0.71 0.74 0.77 0.78 0.78 0.79 0.78 0.77 0.77 0.76 0.77 0.78 0.79 0.80 0.80 0.81 0.81 0.81 0.81 0.82 0.83 0.81
0.69 0.72 0.75 0.77 0.78 0.79 0.79 0.78 0.77 0.77 0.76 0.76 0.77 0.78 0.79 0.80 0.81 0.81 0.82 0.81 0.83 0.84 0.83
0.72 0.73 0.75 0.78 0.78 0.78 0.79 0.78 0.77 0.77 0.76 0.76 0.76 0.77 0.78 0.79 0.80 0.80 0.82 0.83 0.84 0.85 0.84
0.74 0.74 0.76 0.77 0.78 0.78 0.78 0.78 0.77 0.77 0.76 0.76 0.75 0.76 0.77 0.78 0.79 0.80 0.81 0.84 0.85 0.86 0.86
0.75 0.76 0.77 0.77 0.77 0.78 0.78 0.78 0.77 0.77 0.76 0.76 0.75 0.75 0.76 0.77 0.78 0.79 0.80 0.84 0.86 0.88 0.87
0.77 0.78 0.78 0.77 0.77 0.77 0.78 0.78 0.77 0.77 0.76 0.76 0.75 0.75 0.75 0.76 0.77 0.78 0.80 0.84 0.87 0.89 0.89
0.79 0.79 0.79 0.78 0.77 0.77 0.77 0.77 0.77 0.76 0.75 0.75 0.75 0.75 0.74 0.74 0.75 0.76 0.79 0.84 0.87 0.89 0.90
0.79 0.80 0.79 0.78 0.77 0.76 0.76 0.77 0.76 0.75 0.75 0.74 0.74 0.74 0.74 0.74 0.74 0.75 0.79 0.83 0.86 0.89 0.91
0.80 0.81 0.80 0.79 0.78 0.77 0.77 0.76 0.76 0.75 0.75 0.74 0.74 0.74 0.74 0.74 0.73 0.74 0.78 0.83 0.86 0.89 0.91
0.80 0.82 0.81 0.80 0.79 0.78 0.78 0.77 0.76 0.75 0.74 0.74 0.74 0.74 0.74 0.73 0.73 0.74 0.78 0.82 0.86 0.89 0.92
0.76 0.82 0.82 0.81 0.80 0.79 0.79 0.77 0.76 0.75 0.74 0.74 0.74 0.74 0.73 0.73 0.74 0.75 0.78 0.82 0.86 0.89 0.92
LUT_ML[:,:,11] = 
0.69 0.70 0.71 0.72 0.71 0.72 0.72 0.73 0.74 0.75 0.76 0.77 0.77 0.78 0.78 0.79 0.79 0.79 0.80 0.81 0.82 0.82 0.81
0.69 0.70 0.71 0.72 0.72 0.72 0.72 0.73 0.74 0.75 0.76 0.77 0.77 0.78 0.78 0.79 0.79 0.79 0.80 0.81 0.81 0.82 0.81
0.69 0.71 0.72 0.72 0.72 0.72 0.73 0.74 0.74 0.75 0.76 0.77 0.77 0.78 0.78 0.79 0.79 0.79 0.80 0.81 0.81 0.82 0.81
0.69 0.71 0.72 0.73 0.73 0.73 0.73 0.74 0.75 0.75 0.76 0.76 0.77 0.77 0.78 0.78 0.79 0.79 0.80 0.80 0.81 0.82 0.80
0.69 0.70 0.72 0.73 0.73 0.74 0.74 0.74 0.75 0.75 0.76 0.76 0.76 0.77 0.77 0.78 0.79 0.79 0.79 0.80 0.80 0.81 0.80
0.69 0.70 0.71 0.73 0.74 0.74 0.75 0.75 0.75 0.75 0.75 0.76 0.76 0.76 0.77 0.78 0.78 0.79 0.79 0.80 0.80 0.80 0.80
0.68 0.69 0.71 0.72 0.73 0.74 0.74 0.75 0.75 0.75 0.75 0.76 0.76 0.76 0.77 0.78 0.79 0.79 0.80 0.80 0.80 0.80 0.80
0.68 0.70 0.72 0.74 0.75 0.76 0.76 0.76 0.76 0.76 0.77 0.77 0.77 0.77 0.78 0.79 0.79 0.80 0.80 0.80 0.80 0.80 0.80
0.67 0.70 0.73 0.76 0.77 0.78 0.78 0.77 0.77 0.77 0.78 0.78 0.79 0.79 0.79 0.79 0.79 0.80 0.80 0.80 0.80 0.80 0.80
0.66 0.69 0.71 0.74 0.76 0.77 0.77 0.77 0.77 0.76 0.77 0.78 0.79 0.79 0.79 0.80 0.80 0.80 0.80 0.80 0.80 0.81 0.81
0.66 0.69 0.72 0.75 0.76 0.77 0.78 0.78 0.77 0.77 0.76 0.77 0.78 0.78 0.79 0.80 0.81 0.81 0.81 0.81 0.81 0.81 0.82
0.68 0.70 0.73 0.75 0.77 0.77 0.78 0.78 0.77 0.77 0.76 0.76 0.77 0.77 0.78 0.79 0.80 0.81 0.82 0.81 0.81 0.82 0.83
0.70 0.71 0.73 0.76 0.77 0.77 0.78 0.78 0.77 0.77 0.76 0.76 0.76 0.76 0.77 0.78 0.79 0.80 0.82 0.83 0.82 0.82 0.84
0.73 0.73 0.74 0.76 0.77 0.77 0.77 0.78 0.77 0.77 0.76 0.76 0.75 0.75 0.76 0.77 0.78 0.79 0.81 0.83 0.84 0.83 0.85
0.74 0.75 0.76 0.76 0.76 0.77 0.77 0.78 0.77 0.77 0.76 0.76 0.75 0.75 0.75 0.76 0.77 0.78 0.80 0.82 0.84 0.86 0.86
0.76 0.77 0.78 0.77 0.76 0.76 0.77 0.77 0.77 0.77 0.76 0.75 0.75 0.75 0.74 0.75 0.76 0.77 0.79 0.81 0.83 0.86 0.88
0.78 0.79 0.79 0.78 0.77 0.76 0.76 0.77 0.77 0.77 0.76 0.75 0.75 0.74 0.74 0.74 0.75 0.76 0.78 0.80 0.83 0.86 0.88
0.79 0.80 0.80 0.78 0.77 0.77 0.76 0.76 0.77 0.76 0.75 0.75 0.74 0.74 0.74 0.73 0.74 0.75 0.77 0.79 0.82 0.86 0.89
0.80 0.80 0.80 0.78 0.78 0.77 0.76 0.76 0.76 0.75 0.75 0.74 0.73 0.73 0.73 0.73 0.73 0.73 0.75 0.77 0.82 0.86 0.88
0.81 0.81 0.81 0.79 0.79 0.78 0.77 0.77 0.76 0.75 0.74 0.74 0.73 0.73 0.73 0.73 0.73 0.72 0.74 0.77 0.81 0.85 0.88
0.81 0.83 0.82 0.80 0.80 0.79 0.78 0.78 0.77 0.75 0.74 0.74 0.73 0.73 0.73 0.73 0.72 0.72 0.73 0.77 0.81 0.85 0.88
LUT_ML[:,:,12] = 
0.69 0.70 0.71 0.72 0.72 0.72 0.72 0.73 0.73 0.74 0.75 0.75 0.76 0.77 0.78 0.78 0.79 0.79 0.80 0.80 0.81 0.82 0.83
0.69 0.70 0.71 0.72 0.72 0.72 0.72 0.73 0.73 0.74 0.75 0.75 0.76 0.77 0.78 0.78 0.78 0.79 0.79 0.80 0.81 0.82 0.83
0.69 0.70 0.71 0.72 0.72 0.72 0.73 0.73 0.73 0.74 0.75 0.76 0.76 0.77 0.77 0.78 0.78 0.79 0.79 0.80 0.81 0.82 0.82
0.69 0.70 0.71 0.72 0.73 0.73 0.73 0.73 0.74 0.74 0.75 0.76 0.76 0.76 0.77 0.78 0.78 0.79 0.79 0.80 0.80 0.81 0.82
0.68 0.70 0.71 0.72 0.73 0.74 0.74 0.74 0.74 0.74 0.75 0.75 0.76 0.76 0.76 0.77 0.78 0.78 0.79 0.79 0.80 0.81 0.81
0.68 0.69 0.70 0.72 0.73 0.74 0.74 0.75 0.74 0.74 0.75 0.75 0.75 0.76 0.76 0.77 0.77 0.78 0.79 0.79 0.80 0.80 0.81
0.67 0.69 0.70 0.71 0.72 0.73 0.73 0.74 0.75 0.75 0.75 0.75 0.76 0.76 0.76 0.77 0.78 0.78 0.79 0.80 0.80 0.80 0.81
0.67 0.70 0.72 0.73 0.74 0.75 0.75 0.76 0.76 0.76 0.77 0.77 0.77 0.77 0.77 0.78 0.79 0.79 0.80 0.80 0.80 0.80 0.80
0.66 0.69 0.72 0.74 0.76 0.77 0.77 0.77 0.77 0.77 0.78 0.78 0.79 0.79 0.79 0.78 0.79 0.79 0.80 0.80 0.80 0.80 0.80
0.65 0.67 0.70 0.72 0.73 0.75 0.76 0.77 0.76 0.76 0.77 0.78 0.79 0.79 0.79 0.80 0.80 0.79 0.80 0.80 0.80 0.80 0.81
0.65 0.67 0.70 0.72 0.74 0.75 0.76 0.77 0.77 0.77 0.76 0.77 0.78 0.78 0.79 0.80 0.80 0.81 0.81 0.81 0.81 0.81 0.81
0.67 0.68 0.71 0.73 0.75 0.76 0.76 0.77 0.77 0.77 0.76 0.76 0.77 0.77 0.78 0.79 0.80 0.81 0.82 0.82 0.81 0.82 0.82
0.69 0.70 0.71 0.74 0.75 0.76 0.77 0.77 0.77 0.77 0.76 0.76 0.76 0.76 0.77 0.78 0.79 0.80 0.82 0.83 0.83 0.82 0.82
0.72 0.72 0.73 0.75 0.75 0.76 0.76 0.77 0.77 0.77 0.76 0.76 0.75 0.75 0.76 0.77 0.78 0.79 0.81 0.82 0.84 0.83 0.83
0.74 0.74 0.75 0.75 0.75 0.76 0.76 0.77 0.77 0.77 0.76 0.75 0.75 0.74 0.75 0.76 0.77 0.78 0.80 0.82 0.83 0.85 0.84
0.75 0.76 0.77 0.76 0.76 0.75 0.76 0.76 0.77 0.77 0.76 0.75 0.75 0.74 0.74 0.75 0.76 0.77 0.79 0.81 0.82 0.84 0.85
0.77 0.78 0.78 0.78 0.77 0.76 0.76 0.76 0.77 0.77 0.76 0.75 0.75 0.74 0.74 0.74 0.75 0.76 0.78 0.80 0.82 0.83 0.85
0.79 0.79 0.79 0.79 0.78 0.77 0.76 0.76 0.76 0.76 0.76 0.75 0.75 0.74 0.74 0.73 0.74 0.75 0.77 0.79 0.81 0.82 0.86
0.80 0.80 0.80 0.79 0.78 0.77 0.77 0.76 0.76 0.76 0.75 0.75 0.74 0.73 0.73 0.73 0.73 0.73 0.75 0.77 0.79 0.81 0.85
0.80 0.81 0.81 0.79 0.78 0.78 0.77 0.76 0.76 0.76 0.74 0.74 0.73 0.73 0.72 0.72 0.72 0.72 0.74 0.76 0.78 0.80 0.84
0.81 0.82 0.81 0.80 0.79 0.78 0.78 0.77 0.77 0.76 0.75 0.74 0.73 0.72 0.72 0.72 0.72 0.72 0.72 0.74 0.77 0.80 0.84
LUT_ML[:,:,13] = 
0.68 0.69 0.70 0.71 0.72 0.72 0.73 0.73 0.73 0.73 0.74 0.75 0.75 0.76 0.77 0.77 0.78 0.78 0.79 0.80 0.81 0.81 0.82
0.68 0.69 0.70 0.71 0.72 0.72 0.73 0.73 0.73 0.73 0.74 0.75 0.76 0.76 0.77 0.77 0.78 0.78 0.79 0.80 0.80 0.81 0.82
0.68 0.69 0.70 0.71 0.72 0.72 0.73 0.73 0.73 0.73 0.74 0.75 0.76 0.76 0.77 0.77 0.78 0.78 0.79 0.80 0.80 0.81 0.82
0.68 0.69 0.70 0.72 0.72 0.73 0.73 0.74 0.73 0.74 0.74 0.75 0.75 0.76 0.76 0.77 0.77 0.78 0.79 0.79 0.80 0.81 0.82
0.67 0.69 0.70 0.72 0.72 0.73 0.74 0.74 0.74 0.74 0.74 0.75 0.75 0.76 0.76 0.76 0.77 0.77 0.78 0.79 0.79 0.80 0.81
0.67 0.68 0.70 0.71 0.72 0.73 0.73 0.74 0.74 0.74 0.74 0.74 0.75 0.75 0.76 0.76 0.76 0.77 0.78 0.79 0.80 0.80 0.81
0.66 0.68 0.69 0.71 0.71 0.72 0.73 0.73 0.74 0.75 0.75 0.75 0.75 0.76 0.76 0.76 0.77 0.78 0.79 0.79 0.80 0.80 0.81
0.66 0.69 0.71 0.73 0.73 0.74 0.74 0.75 0.76 0.76 0.77 0.77 0.77 0.77 0.77 0.77 0.78 0.78 0.80 0.80 0.80 0.80 0.80
0.66 0.68 0.71 0.73 0.74 0.76 0.76 0.77 0.77 0.77 0.78 0.78 0.79 0.79 0.79 0.79 0.78 0.79 0.79 0.80 0.80 0.80 0.80
0.64 0.66 0.68 0.70 0.72 0.73 0.74 0.75 0.76 0.76 0.77 0.78 0.78 0.79 0.80 0.80 0.80 0.79 0.80 0.80 0.80 0.80 0.80
0.65 0.66 0.68 0.71 0.72 0.73 0.74 0.76 0.76 0.76 0.76 0.77 0.78 0.78 0.79 0.79 0.80 0.81 0.81 0.81 0.81 0.81 0.81
0.66 0.67 0.69 0.71 0.72 0.73 0.75 0.76 0.77 0.77 0.76 0.76 0.77 0.77 0.78 0.78 0.79 0.80 0.82 0.82 0.81 0.81 0.82
0.68 0.69 0.70 0.72 0.73 0.74 0.75 0.76 0.77 0.77 0.76 0.75 0.76 0.76 0.77 0.77 0.78 0.79 0.81 0.82 0.83 0.82 0.82
0.70 0.71 0.72 0.73 0.73 0.74 0.75 0.76 0.77 0.77 0.76 0.75 0.75 0.75 0.76 0.76 0.77 0.78 0.80 0.82 0.83 0.84 0.83
0.72 0.73 0.74 0.74 0.74 0.74 0.75 0.76 0.76 0.77 0.76 0.75 0.75 0.74 0.75 0.75 0.76 0.77 0.79 0.81 0.83 0.84 0.85
0.74 0.75 0.76 0.76 0.75 0.75 0.75 0.75 0.76 0.77 0.76 0.75 0.75 0.74 0.74 0.75 0.75 0.76 0.78 0.80 0.82 0.84 0.85
0.76 0.77 0.77 0.77 0.76 0.76 0.76 0.75 0.76 0.76 0.76 0.75 0.75 0.74 0.74 0.74 0.75 0.75 0.77 0.79 0.81 0.83 0.85
0.78 0.78 0.79 0.78 0.77 0.77 0.76 0.76 0.76 0.76 0.76 0.75 0.75 0.74 0.74 0.73 0.74 0.75 0.76 0.78 0.80 0.82 0.84
0.80 0.80 0.80 0.79 0.79 0.78 0.77 0.77 0.76 0.76 0.76 0.75 0.74 0.74 0.73 0.73 0.73 0.73 0.75 0.77 0.79 0.81 0.83
0.80 0.81 0.80 0.80 0.79 0.78 0.78 0.77 0.77 0.76 0.75 0.74 0.74 0.73 0.73 0.72 0.72 0.72 0.74 0.76 0.78 0.80 0.82
0.81 0.81 0.81 0.80 0.79 0.78 0.78 0.77 0.77 0.76 0.75 0.74 0.73 0.72 0.72 0.71 0.71 0.71 0.72 0.74 0.76 0.78 0.80
LUT_ML[:,:,14] = 
0.68 0.69 0.70 0.71 0.71 0.72 0.73 0.73 0.73 0.73 0.74 0.74 0.75 0.76 0.77 0.77 0.77 0.78 0.79 0.79 0.80 0.81 0.82
0.68 0.69 0.70 0.71 0.71 0.72 0.73 0.73 0.73 0.73 0.74 0.74 0.75 0.76 0.76 0.77 0.77 0.78 0.79 0.79 0.80 0.81 0.82
0.68 0.69 0.70 0.71 0.71 0.72 0.73 0.73 0.73 0.73 0.74 0.74 0.75 0.76 0.76 0.77 0.77 0.78 0.79 0.79 0.80 0.81 0.82
0.68 0.69 0.70 0.71 0.72 0.72 0.73 0.74 0.73 0.73 0.74 0.75 0.75 0.76 0.76 0.76 0.77 0.77 0.78 0.79 0.80 0.80 0.81
0.67 0.68 0.70 0.71 0.72 0.72 0.73 0.74 0.74 0.74 0.74 0.74 0.75 0.75 0.76 0.76 0.76 0.77 0.78 0.79 0.79 0.80 0.81
0.66 0.68 0.69 0.71 0.71 0.72 0.73 0.74 0.74 0.74 0.74 0.74 0.75 0.75 0.75 0.76 0.76 0.77 0.78 0.79 0.79 0.80 0.81
0.66 0.67 0.69 0.70 0.71 0.72 0.73 0.73 0.74 0.75 0.75 0.75 0.75 0.75 0.76 0.76 0.77 0.77 0.78 0.79 0.80 0.80 0.80
0.66 0.68 0.71 0.72 0.73 0.74 0.74 0.74 0.75 0.76 0.77 0.77 0.77 0.77 0.77 0.77 0.77 0.78 0.79 0.80 0.80 0.80 0.80
0.65 0.68 0.70 0.73 0.74 0.75 0.76 0.76 0.76 0.77 0.78 0.78 0.79 0.79 0.79 0.79 0.78 0.78 0.79 0.80 0.80 0.80 0.80
0.64 0.66 0.68 0.69 0.71 0.72 0.73 0.74 0.75 0.76 0.77 0.77 0.78 0.79 0.80 0.80 0.80 0.79 0.79 0.80 0.80 0.80 0.80
0.64 0.65 0.67 0.70 0.71 0.72 0.73 0.75 0.76 0.76 0.76 0.77 0.78 0.78 0.79 0.79 0.80 0.81 0.81 0.80 0.81 0.81 0.81
0.66 0.67 0.68 0.70 0.71 0.72 0.74 0.75 0.76 0.76 0.76 0.76 0.77 0.77 0.78 0.78 0.79 0.80 0.81 0.82 0.81 0.81 0.81
0.68 0.69 0.70 0.71 0.72 0.73 0.74 0.75 0.76 0.77 0.76 0.75 0.76 0.76 0.77 0.77 0.78 0.79 0.81 0.82 0.83 0.82 0.82
0.70 0.71 0.71 0.72 0.73 0.73 0.74 0.76 0.76 0.77 0.76 0.75 0.75 0.75 0.76 0.76 0.77 0.78 0.80 0.82 0.83 0.84 0.83
0.72 0.73 0.73 0.74 0.74 0.74 0.74 0.75 0.76 0.77 0.76 0.75 0.75 0.74 0.75 0.75 0.76 0.77 0.79 0.81 0.83 0.84 0.85
0.74 0.74 0.75 0.75 0.75 0.75 0.75 0.75 0.76 0.76 0.76 0.75 0.75 0.74 0.74 0.75 0.75 0.76 0.78 0.80 0.82 0.83 0.85
0.76 0.76 0.77 0.76 0.76 0.76 0.76 0.75 0.75 0.76 0.76 0.75 0.75 0.74 0.74 0.74 0.74 0.75 0.77 0.79 0.81 0.83 0.84
0.77 0.78 0.78 0.78 0.77 0.77 0.76 0.76 0.76 0.76 0.76 0.75 0.75 0.74 0.74 0.73 0.73 0.74 0.76 0.78 0.80 0.82 0.84
0.79 0.79 0.79 0.79 0.78 0.78 0.77 0.77 0.76 0.76 0.76 0.75 0.75 0.74 0.73 0.73 0.73 0.73 0.75 0.77 0.79 0.81 0.83
0.80 0.80 0.80 0.79 0.79 0.78 0.78 0.77 0.77 0.76 0.76 0.75 0.74 0.73 0.73 0.72 0.72 0.72 0.74 0.76 0.78 0.80 0.82
0.81 0.81 0.81 0.80 0.79 0.79 0.78 0.78 0.77 0.77 0.76 0.75 0.74 0.73 0.72 0.71 0.71 0.71 0.72 0.74 0.76 0.78 0.80
