LUT_ML[:,:,0] = 
0.92 0.90 0.89 0.88 0.87 0.87 0.85 0.85 0.84 0.84 0.83 0.83 0.84 0.85 0.86 0.87 0.88 0.89 0.89 0.90 0.91 0.91 0.89
0.91 0.90 0.89 0.87 0.87 0.86 0.85 0.84 0.83 0.83 0.83 0.83 0.83 0.84 0.85 0.87 0.88 0.88 0.89 0.89 0.90 0.90 0.89
0.91 0.90 0.89 0.87 0.87 0.86 0.84 0.83 0.83 0.82 0.82 0.82 0.82 0.84 0.85 0.86 0.87 0.88 0.88 0.89 0.90 0.90 0.89
0.91 0.90 0.88 0.86 0.86 0.85 0.83 0.81 0.80 0.80 0.79 0.79 0.79 0.81 0.82 0.83 0.84 0.85 0.87 0.88 0.88 0.89 0.89
0.91 0.90 0.87 0.85 0.84 0.83 0.81 0.79 0.78 0.77 0.77 0.76 0.77 0.78 0.79 0.80 0.81 0.83 0.85 0.86 0.87 0.88 0.88
0.90 0.89 0.87 0.84 0.83 0.81 0.79 0.77 0.76 0.75 0.74 0.73 0.74 0.74 0.75 0.77 0.79 0.80 0.83 0.84 0.86 0.87 0.87
0.89 0.89 0.86 0.84 0.81 0.79 0.77 0.75 0.73 0.72 0.72 0.71 0.71 0.72 0.73 0.75 0.76 0.78 0.81 0.83 0.84 0.85 0.86
0.87 0.86 0.84 0.82 0.79 0.76 0.74 0.72 0.70 0.68 0.67 0.66 0.67 0.68 0.69 0.70 0.71 0.73 0.76 0.79 0.81 0.82 0.83
0.86 0.85 0.83 0.79 0.76 0.73 0.71 0.68 0.66 0.65 0.63 0.63 0.64 0.65 0.66 0.67 0.68 0.69 0.72 0.76 0.80 0.82 0.83
0.86 0.86 0.83 0.78 0.76 0.73 0.70 0.68 0.66 0.64 0.62 0.62 0.63 0.65 0.66 0.67 0.68 0.69 0.71 0.74 0.78 0.81 0.83
0.87 0.87 0.83 0.79 0.77 0.74 0.71 0.69 0.66 0.64 0.62 0.62 0.63 0.64 0.65 0.67 0.68 0.69 0.71 0.73 0.76 0.80 0.83
0.87 0.87 0.83 0.80 0.77 0.75 0.72 0.70 0.67 0.65 0.63 0.63 0.63 0.63 0.64 0.66 0.66 0.68 0.71 0.72 0.75 0.78 0.81
0.88 0.87 0.83 0.80 0.78 0.76 0.73 0.71 0.68 0.66 0.64 0.63 0.63 0.64 0.64 0.65 0.66 0.66 0.69 0.71 0.74 0.77 0.80
0.88 0.86 0.83 0.80 0.78 0.76 0.74 0.72 0.69 0.67 0.65 0.64 0.64 0.64 0.65 0.65 0.65 0.66 0.67 0.69 0.72 0.75 0.79
0.87 0.86 0.83 0.79 0.78 0.76 0.75 0.73 0.70 0.68 0.67 0.65 0.64 0.65 0.65 0.65 0.66 0.66 0.67 0.68 0.70 0.73 0.76
0.87 0.85 0.83 0.79 0.78 0.76 0.75 0.73 0.71 0.69 0.68 0.66 0.65 0.65 0.65 0.66 0.66 0.66 0.67 0.68 0.69 0.71 0.74
0.86 0.85 0.82 0.79 0.77 0.76 0.75 0.73 0.71 0.70 0.69 0.68 0.66 0.65 0.66 0.66 0.67 0.67 0.67 0.68 0.69 0.70 0.72
0.86 0.84 0.81 0.78 0.77 0.75 0.74 0.73 0.71 0.71 0.70 0.69 0.67 0.66 0.66 0.67 0.67 0.67 0.68 0.68 0.69 0.70 0.71
0.86 0.84 0.81 0.78 0.76 0.75 0.74 0.72 0.71 0.71 0.70 0.69 0.68 0.67 0.67 0.67 0.68 0.68 0.68 0.68 0.69 0.69 0.70
0.86 0.84 0.81 0.78 0.76 0.75 0.73 0.72 0.71 0.71 0.70 0.70 0.69 0.68 0.68 0.68 0.68 0.69 0.69 0.69 0.69 0.70 0.70
0.85 0.84 0.81 0.78 0.76 0.74 0.73 0.72 0.71 0.71 0.70 0.70 0.69 0.68 0.68 0.69 0.69 0.69 0.70 0.70 0.70 0.70 0.70
LUT_ML[:,:,1] = 
0.92 0.90 0.89 0.88 0.87 0.87 0.86 0.85 0.85 0.84 0.84 0.84 0.84 0.85 0.87 0.88 0.89 0.89 0.90 0.90 0.91 0.91 0.90
0.92 0.90 0.89 0.87 0.87 0.87 0.85 0.84 0.84 0.83 0.83 0.83 0.84 0.85 0.86 0.87 0.88 0.88 0.89 0.90 0.90 0.91 0.90
0.91 0.90 0.88 0.87 0.87 0.86 0.85 0.84 0.83 0.83 0.82 0.82 0.83 0.84 0.85 0.86 0.88 0.88 0.89 0.89 0.90 0.91 0.89
0.91 0.90 0.88 0.86 0.85 0.85 0.83 0.82 0.81 0.80 0.79 0.79 0.80 0.81 0.82 0.83 0.85 0.86 0.87 0.88 0.89 0.89 0.89
0.91 0.90 0.87 0.85 0.84 0.83 0.81 0.80 0.79 0.78 0.77 0.76 0.77 0.78 0.79 0.80 0.82 0.83 0.85 0.86 0.87 0.88 0.88
0.90 0.90 0.87 0.84 0.83 0.81 0.79 0.77 0.76 0.75 0.74 0.74 0.74 0.75 0.76 0.77 0.79 0.80 0.83 0.84 0.86 0.87 0.87
0.89 0.89 0.86 0.84 0.82 0.80 0.78 0.76 0.74 0.73 0.72 0.71 0.71 0.72 0.73 0.75 0.76 0.78 0.81 0.83 0.84 0.85 0.86
0.87 0.87 0.85 0.82 0.80 0.77 0.74 0.72 0.70 0.68 0.67 0.66 0.67 0.68 0.69 0.70 0.71 0.73 0.76 0.79 0.81 0.82 0.83
0.87 0.86 0.83 0.79 0.77 0.74 0.71 0.69 0.67 0.65 0.63 0.63 0.64 0.65 0.66 0.67 0.68 0.69 0.73 0.76 0.80 0.81 0.83
0.87 0.86 0.83 0.79 0.76 0.73 0.71 0.68 0.66 0.64 0.62 0.62 0.63 0.65 0.66 0.67 0.68 0.69 0.71 0.74 0.78 0.81 0.83
0.87 0.87 0.84 0.79 0.77 0.74 0.72 0.69 0.67 0.65 0.62 0.62 0.63 0.64 0.65 0.67 0.68 0.69 0.71 0.73 0.76 0.80 0.83
0.88 0.87 0.84 0.80 0.78 0.75 0.73 0.70 0.68 0.65 0.63 0.62 0.63 0.63 0.64 0.66 0.67 0.68 0.71 0.73 0.75 0.78 0.82
0.88 0.87 0.84 0.80 0.78 0.76 0.74 0.71 0.69 0.66 0.64 0.63 0.63 0.64 0.64 0.65 0.66 0.67 0.69 0.72 0.74 0.77 0.80
0.88 0.87 0.84 0.80 0.79 0.77 0.75 0.72 0.70 0.67 0.65 0.64 0.64 0.64 0.65 0.65 0.65 0.66 0.68 0.70 0.73 0.76 0.79
0.88 0.87 0.83 0.80 0.78 0.77 0.75 0.73 0.71 0.68 0.67 0.65 0.64 0.65 0.65 0.65 0.66 0.66 0.67 0.69 0.71 0.73 0.77
0.87 0.86 0.83 0.80 0.78 0.77 0.75 0.74 0.72 0.69 0.68 0.67 0.65 0.65 0.65 0.66 0.66 0.67 0.67 0.68 0.70 0.71 0.74
0.87 0.85 0.82 0.79 0.78 0.76 0.75 0.74 0.72 0.71 0.69 0.68 0.66 0.65 0.66 0.66 0.67 0.67 0.67 0.68 0.69 0.71 0.72
0.87 0.85 0.82 0.79 0.77 0.76 0.75 0.73 0.72 0.71 0.70 0.69 0.68 0.66 0.66 0.67 0.67 0.67 0.68 0.68 0.69 0.70 0.71
0.86 0.85 0.82 0.78 0.77 0.75 0.74 0.73 0.71 0.71 0.70 0.69 0.69 0.67 0.67 0.67 0.67 0.68 0.68 0.68 0.69 0.70 0.71
0.86 0.84 0.81 0.78 0.77 0.75 0.74 0.72 0.71 0.71 0.70 0.70 0.69 0.68 0.68 0.68 0.68 0.68 0.69 0.69 0.69 0.70 0.70
0.86 0.84 0.81 0.78 0.76 0.75 0.74 0.72 0.71 0.71 0.70 0.70 0.69 0.68 0.68 0.68 0.69 0.69 0.70 0.70 0.70 0.70 0.71
LUT_ML[:,:,2] = 
0.92 0.90 0.89 0.88 0.87 0.87 0.86 0.85 0.85 0.85 0.84 0.84 0.85 0.86 0.87 0.88 0.89 0.89 0.90 0.90 0.91 0.91 0.90
0.92 0.90 0.89 0.87 0.87 0.87 0.85 0.85 0.84 0.84 0.84 0.84 0.84 0.85 0.86 0.88 0.88 0.89 0.89 0.90 0.90 0.91 0.90
0.92 0.90 0.89 0.87 0.87 0.86 0.85 0.84 0.84 0.83 0.83 0.83 0.83 0.84 0.86 0.87 0.88 0.88 0.89 0.89 0.90 0.91 0.90
0.91 0.90 0.88 0.86 0.85 0.85 0.83 0.82 0.81 0.80 0.80 0.80 0.80 0.81 0.83 0.84 0.85 0.86 0.87 0.88 0.89 0.89 0.89
0.91 0.90 0.88 0.85 0.84 0.83 0.82 0.80 0.79 0.78 0.77 0.77 0.77 0.79 0.80 0.81 0.82 0.83 0.85 0.86 0.87 0.88 0.89
0.91 0.90 0.87 0.84 0.83 0.82 0.80 0.78 0.76 0.75 0.75 0.74 0.74 0.75 0.76 0.77 0.79 0.80 0.83 0.84 0.85 0.86 0.87
0.90 0.89 0.87 0.84 0.82 0.80 0.78 0.76 0.74 0.73 0.72 0.71 0.72 0.72 0.73 0.75 0.76 0.78 0.81 0.83 0.84 0.85 0.86
0.87 0.87 0.85 0.82 0.80 0.77 0.74 0.72 0.71 0.69 0.68 0.67 0.67 0.68 0.69 0.70 0.71 0.73 0.76 0.79 0.80 0.82 0.83
0.87 0.86 0.83 0.80 0.77 0.74 0.71 0.69 0.67 0.65 0.64 0.63 0.64 0.65 0.66 0.67 0.68 0.69 0.73 0.76 0.80 0.81 0.83
0.87 0.86 0.84 0.79 0.76 0.74 0.71 0.69 0.66 0.64 0.63 0.62 0.63 0.65 0.66 0.67 0.68 0.69 0.71 0.74 0.78 0.81 0.83
0.87 0.87 0.84 0.80 0.77 0.75 0.72 0.70 0.67 0.65 0.63 0.62 0.63 0.64 0.66 0.67 0.68 0.69 0.71 0.73 0.76 0.80 0.83
0.88 0.88 0.84 0.80 0.78 0.76 0.73 0.71 0.68 0.66 0.63 0.62 0.63 0.63 0.64 0.66 0.67 0.68 0.71 0.73 0.75 0.78 0.82
0.88 0.88 0.84 0.81 0.79 0.77 0.74 0.72 0.69 0.67 0.64 0.63 0.63 0.64 0.64 0.65 0.66 0.67 0.69 0.72 0.75 0.77 0.80
0.89 0.88 0.84 0.81 0.79 0.77 0.75 0.73 0.70 0.68 0.66 0.64 0.64 0.64 0.64 0.65 0.65 0.66 0.68 0.70 0.73 0.76 0.79
0.88 0.87 0.84 0.81 0.79 0.77 0.76 0.74 0.71 0.69 0.67 0.65 0.64 0.64 0.65 0.65 0.66 0.66 0.67 0.69 0.71 0.74 0.77
0.88 0.87 0.84 0.80 0.79 0.77 0.76 0.74 0.72 0.70 0.68 0.67 0.65 0.65 0.65 0.66 0.66 0.66 0.67 0.68 0.70 0.72 0.74
0.88 0.86 0.83 0.80 0.78 0.77 0.76 0.74 0.73 0.71 0.69 0.68 0.66 0.65 0.66 0.66 0.66 0.67 0.67 0.68 0.69 0.71 0.73
0.87 0.86 0.83 0.79 0.78 0.76 0.75 0.74 0.72 0.71 0.70 0.69 0.68 0.66 0.66 0.66 0.67 0.67 0.68 0.68 0.69 0.70 0.72
0.87 0.85 0.82 0.79 0.77 0.76 0.75 0.73 0.72 0.71 0.70 0.70 0.69 0.67 0.67 0.67 0.67 0.68 0.68 0.68 0.69 0.70 0.71
0.86 0.85 0.82 0.79 0.77 0.76 0.74 0.73 0.72 0.71 0.71 0.70 0.69 0.68 0.68 0.68 0.68 0.68 0.69 0.69 0.69 0.70 0.71
0.86 0.85 0.82 0.79 0.77 0.76 0.74 0.73 0.72 0.71 0.71 0.70 0.69 0.69 0.68 0.68 0.68 0.69 0.70 0.70 0.70 0.70 0.71
LUT_ML[:,:,3] = 
0.92 0.90 0.89 0.88 0.87 0.87 0.86 0.86 0.86 0.86 0.86 0.86 0.86 0.87 0.88 0.89 0.90 0.90 0.91 0.91 0.91 0.91 0.91
0.92 0.90 0.89 0.87 0.87 0.87 0.86 0.86 0.85 0.85 0.85 0.85 0.85 0.86 0.88 0.89 0.89 0.90 0.90 0.90 0.91 0.91 0.91
0.92 0.90 0.89 0.87 0.87 0.86 0.86 0.85 0.85 0.84 0.84 0.84 0.84 0.85 0.87 0.88 0.89 0.89 0.90 0.90 0.90 0.91 0.91
0.92 0.90 0.88 0.86 0.85 0.85 0.84 0.83 0.82 0.81 0.81 0.81 0.81 0.82 0.84 0.85 0.86 0.87 0.87 0.88 0.89 0.90 0.90
0.91 0.90 0.88 0.86 0.84 0.84 0.82 0.80 0.79 0.79 0.78 0.78 0.78 0.79 0.81 0.82 0.83 0.84 0.85 0.86 0.87 0.88 0.89
0.91 0.90 0.87 0.85 0.83 0.82 0.80 0.78 0.77 0.76 0.75 0.75 0.75 0.76 0.77 0.79 0.80 0.81 0.83 0.84 0.85 0.87 0.87
0.90 0.89 0.87 0.84 0.82 0.81 0.79 0.77 0.75 0.74 0.73 0.72 0.72 0.73 0.74 0.75 0.77 0.78 0.81 0.82 0.83 0.85 0.86
0.88 0.87 0.85 0.83 0.80 0.77 0.75 0.73 0.72 0.70 0.69 0.68 0.68 0.68 0.69 0.70 0.72 0.73 0.76 0.79 0.80 0.81 0.83
0.87 0.86 0.84 0.80 0.78 0.75 0.72 0.70 0.68 0.66 0.65 0.64 0.64 0.65 0.66 0.67 0.68 0.69 0.73 0.77 0.79 0.81 0.83
0.88 0.86 0.84 0.80 0.77 0.75 0.72 0.69 0.67 0.65 0.64 0.62 0.63 0.65 0.66 0.67 0.69 0.70 0.72 0.75 0.78 0.81 0.83
0.88 0.87 0.85 0.81 0.78 0.76 0.73 0.70 0.68 0.66 0.64 0.62 0.63 0.64 0.66 0.67 0.69 0.70 0.71 0.74 0.77 0.80 0.82
0.89 0.89 0.85 0.81 0.79 0.77 0.74 0.71 0.69 0.66 0.64 0.63 0.62 0.63 0.64 0.66 0.67 0.69 0.71 0.73 0.75 0.79 0.82
0.89 0.89 0.86 0.82 0.80 0.78 0.75 0.72 0.70 0.67 0.65 0.64 0.63 0.63 0.64 0.65 0.66 0.67 0.70 0.73 0.75 0.77 0.81
0.90 0.89 0.86 0.82 0.80 0.78 0.76 0.73 0.71 0.68 0.66 0.65 0.64 0.64 0.64 0.64 0.65 0.66 0.68 0.71 0.74 0.77 0.79
0.90 0.88 0.85 0.82 0.80 0.79 0.77 0.74 0.72 0.69 0.67 0.66 0.65 0.64 0.64 0.65 0.65 0.66 0.68 0.69 0.72 0.74 0.78
0.89 0.88 0.85 0.82 0.80 0.79 0.77 0.75 0.73 0.70 0.69 0.67 0.66 0.64 0.65 0.65 0.66 0.66 0.67 0.69 0.70 0.72 0.75
0.89 0.88 0.84 0.81 0.80 0.78 0.77 0.76 0.74 0.71 0.70 0.68 0.67 0.65 0.65 0.66 0.66 0.66 0.67 0.68 0.70 0.71 0.73
0.89 0.87 0.84 0.81 0.79 0.78 0.77 0.75 0.74 0.72 0.71 0.70 0.68 0.67 0.66 0.66 0.66 0.67 0.68 0.68 0.69 0.71 0.72
0.88 0.87 0.84 0.80 0.79 0.77 0.76 0.75 0.73 0.72 0.71 0.70 0.69 0.68 0.67 0.66 0.67 0.67 0.68 0.68 0.69 0.70 0.71
0.88 0.86 0.83 0.80 0.78 0.77 0.76 0.74 0.73 0.72 0.71 0.70 0.69 0.68 0.67 0.67 0.67 0.68 0.68 0.69 0.69 0.70 0.71
0.87 0.86 0.83 0.80 0.78 0.77 0.75 0.74 0.72 0.72 0.71 0.71 0.70 0.69 0.68 0.68 0.68 0.68 0.69 0.70 0.70 0.70 0.71
LUT_ML[:,:,4] = 
0.91 0.90 0.90 0.89 0.88 0.88 0.87 0.88 0.88 0.88 0.88 0.88 0.88 0.89 0.90 0.91 0.91 0.92 0.92 0.92 0.93 0.92 0.92
0.92 0.90 0.90 0.88 0.88 0.87 0.87 0.87 0.87 0.87 0.87 0.87 0.87 0.88 0.89 0.90 0.91 0.91 0.92 0.92 0.92 0.92 0.91
0.92 0.90 0.89 0.88 0.87 0.87 0.86 0.86 0.87 0.87 0.87 0.87 0.87 0.87 0.89 0.90 0.90 0.91 0.91 0.92 0.92 0.91 0.91
0.92 0.90 0.89 0.87 0.86 0.85 0.85 0.84 0.84 0.84 0.84 0.84 0.84 0.84 0.86 0.87 0.88 0.88 0.89 0.89 0.90 0.90 0.90
0.92 0.90 0.88 0.86 0.85 0.84 0.83 0.82 0.82 0.81 0.81 0.81 0.81 0.81 0.83 0.84 0.86 0.86 0.87 0.87 0.88 0.89 0.89
0.92 0.90 0.88 0.85 0.84 0.82 0.81 0.80 0.79 0.78 0.78 0.77 0.77 0.78 0.79 0.80 0.82 0.83 0.84 0.84 0.86 0.87 0.88
0.91 0.90 0.87 0.84 0.83 0.81 0.80 0.79 0.77 0.76 0.75 0.74 0.74 0.74 0.75 0.77 0.78 0.80 0.81 0.82 0.83 0.85 0.86
0.89 0.88 0.86 0.83 0.81 0.79 0.77 0.75 0.73 0.72 0.71 0.70 0.69 0.69 0.70 0.70 0.71 0.73 0.77 0.78 0.79 0.81 0.83
0.88 0.86 0.84 0.81 0.79 0.77 0.74 0.72 0.70 0.68 0.66 0.65 0.65 0.66 0.66 0.67 0.68 0.70 0.74 0.77 0.79 0.81 0.82
0.88 0.87 0.84 0.81 0.79 0.76 0.74 0.71 0.69 0.67 0.66 0.64 0.64 0.65 0.66 0.67 0.68 0.70 0.72 0.76 0.79 0.80 0.82
0.89 0.88 0.86 0.82 0.80 0.77 0.75 0.72 0.70 0.67 0.65 0.64 0.63 0.64 0.65 0.67 0.68 0.69 0.72 0.74 0.78 0.81 0.82
0.90 0.89 0.87 0.83 0.81 0.78 0.76 0.73 0.71 0.68 0.66 0.64 0.63 0.63 0.64 0.66 0.68 0.69 0.72 0.74 0.76 0.80 0.83
0.91 0.91 0.88 0.84 0.82 0.79 0.77 0.74 0.72 0.69 0.66 0.64 0.63 0.63 0.63 0.64 0.66 0.67 0.71 0.74 0.76 0.78 0.81
0.91 0.92 0.88 0.85 0.82 0.80 0.78 0.75 0.73 0.70 0.67 0.65 0.64 0.63 0.63 0.64 0.65 0.66 0.69 0.72 0.75 0.78 0.80
0.92 0.91 0.88 0.85 0.83 0.81 0.79 0.76 0.74 0.71 0.68 0.67 0.65 0.64 0.64 0.64 0.65 0.65 0.68 0.70 0.73 0.76 0.79
0.92 0.91 0.88 0.85 0.83 0.81 0.79 0.77 0.75 0.72 0.69 0.68 0.66 0.65 0.64 0.65 0.65 0.65 0.67 0.70 0.71 0.74 0.77
0.92 0.90 0.87 0.84 0.83 0.81 0.80 0.77 0.75 0.73 0.71 0.69 0.68 0.66 0.65 0.65 0.65 0.66 0.67 0.68 0.71 0.72 0.75
0.91 0.90 0.87 0.84 0.82 0.81 0.80 0.78 0.76 0.73 0.71 0.70 0.69 0.67 0.66 0.65 0.66 0.66 0.67 0.68 0.70 0.72 0.73
0.91 0.90 0.87 0.83 0.82 0.81 0.79 0.78 0.76 0.73 0.72 0.71 0.70 0.68 0.67 0.66 0.66 0.67 0.67 0.68 0.70 0.71 0.73
0.91 0.89 0.86 0.83 0.82 0.80 0.79 0.77 0.76 0.74 0.73 0.72 0.70 0.69 0.68 0.66 0.66 0.67 0.68 0.69 0.70 0.71 0.72
0.90 0.89 0.86 0.83 0.81 0.80 0.78 0.77 0.75 0.74 0.73 0.72 0.71 0.70 0.69 0.67 0.67 0.67 0.68 0.69 0.70 0.71 0.71
LUT_ML[:,:,5] = 
0.91 0.91 0.91 0.90 0.89 0.89 0.88 0.89 0.89 0.90 0.90 0.90 0.90 0.90 0.91 0.91 0.92 0.93 0.94 0.94 0.94 0.93 0.93
0.91 0.91 0.91 0.90 0.89 0.89 0.88 0.88 0.89 0.89 0.90 0.90 0.90 0.90 0.90 0.91 0.91 0.92 0.93 0.94 0.94 0.93 0.92
0.91 0.91 0.91 0.89 0.89 0.88 0.88 0.88 0.88 0.89 0.89 0.89 0.89 0.89 0.90 0.90 0.91 0.91 0.93 0.93 0.93 0.93 0.92
0.91 0.90 0.90 0.88 0.87 0.87 0.86 0.86 0.86 0.86 0.86 0.86 0.86 0.86 0.87 0.88 0.88 0.89 0.90 0.91 0.91 0.91 0.91
0.92 0.90 0.88 0.87 0.86 0.85 0.85 0.84 0.84 0.84 0.84 0.83 0.83 0.83 0.84 0.85 0.86 0.87 0.88 0.89 0.89 0.89 0.89
0.92 0.90 0.88 0.86 0.85 0.83 0.83 0.82 0.82 0.81 0.81 0.80 0.80 0.80 0.81 0.82 0.83 0.84 0.85 0.86 0.86 0.87 0.88
0.92 0.90 0.87 0.85 0.84 0.82 0.81 0.80 0.79 0.78 0.78 0.77 0.77 0.77 0.78 0.79 0.80 0.81 0.82 0.83 0.83 0.85 0.86
0.90 0.89 0.86 0.83 0.81 0.80 0.78 0.77 0.75 0.73 0.72 0.72 0.71 0.71 0.71 0.72 0.73 0.75 0.76 0.78 0.79 0.81 0.82
0.89 0.87 0.84 0.81 0.80 0.78 0.76 0.74 0.72 0.70 0.68 0.67 0.66 0.67 0.67 0.68 0.69 0.70 0.74 0.77 0.78 0.80 0.82
0.89 0.87 0.85 0.82 0.80 0.78 0.76 0.73 0.71 0.69 0.68 0.66 0.65 0.66 0.66 0.67 0.68 0.69 0.72 0.76 0.79 0.80 0.82
0.90 0.89 0.86 0.84 0.82 0.79 0.77 0.74 0.71 0.69 0.67 0.66 0.64 0.64 0.65 0.66 0.68 0.69 0.72 0.75 0.78 0.81 0.82
0.91 0.90 0.88 0.85 0.83 0.80 0.78 0.75 0.72 0.70 0.67 0.65 0.64 0.64 0.64 0.66 0.67 0.69 0.71 0.74 0.77 0.80 0.82
0.92 0.92 0.90 0.86 0.84 0.81 0.79 0.76 0.73 0.71 0.68 0.66 0.64 0.63 0.63 0.64 0.66 0.67 0.71 0.74 0.76 0.79 0.82
0.93 0.93 0.91 0.87 0.85 0.82 0.80 0.77 0.74 0.72 0.69 0.66 0.65 0.64 0.63 0.63 0.64 0.66 0.69 0.73 0.76 0.78 0.81
0.93 0.94 0.91 0.88 0.85 0.83 0.81 0.78 0.75 0.73 0.70 0.67 0.66 0.65 0.64 0.63 0.64 0.65 0.68 0.71 0.74 0.77 0.80
0.94 0.94 0.91 0.87 0.86 0.84 0.81 0.79 0.76 0.74 0.71 0.69 0.67 0.66 0.65 0.64 0.64 0.65 0.66 0.69 0.72 0.75 0.78
0.94 0.93 0.90 0.87 0.86 0.84 0.82 0.79 0.77 0.74 0.72 0.70 0.68 0.67 0.66 0.64 0.65 0.65 0.66 0.68 0.71 0.73 0.76
0.94 0.93 0.90 0.87 0.85 0.84 0.82 0.80 0.78 0.75 0.72 0.71 0.69 0.68 0.67 0.65 0.65 0.65 0.66 0.67 0.70 0.72 0.74
0.94 0.92 0.90 0.87 0.85 0.83 0.82 0.80 0.78 0.76 0.73 0.72 0.70 0.69 0.68 0.66 0.65 0.66 0.67 0.67 0.69 0.72 0.73
0.93 0.92 0.89 0.86 0.85 0.83 0.81 0.80 0.78 0.76 0.74 0.73 0.71 0.70 0.69 0.67 0.66 0.66 0.67 0.68 0.69 0.71 0.73
0.93 0.91 0.89 0.86 0.84 0.83 0.81 0.79 0.78 0.76 0.75 0.74 0.72 0.71 0.70 0.68 0.67 0.66 0.67 0.68 0.69 0.71 0.72
LUT_ML[:,:,6] = 
0.94 0.94 0.94 0.92 0.92 0.92 0.92 0.92 0.92 0.93 0.93 0.93 0.93 0.92 0.92 0.91 0.92 0.92 0.93 0.94 0.94 0.94 0.93
0.93 0.94 0.93 0.92 0.92 0.91 0.91 0.91 0.92 0.92 0.93 0.93 0.93 0.92 0.91 0.91 0.91 0.92 0.93 0.94 0.94 0.94 0.93
0.93 0.94 0.93 0.92 0.91 0.91 0.91 0.91 0.91 0.92 0.92 0.92 0.92 0.91 0.91 0.90 0.91 0.91 0.92 0.93 0.94 0.93 0.92
0.93 0.93 0.92 0.91 0.90 0.90 0.89 0.89 0.89 0.90 0.90 0.91 0.91 0.90 0.89 0.89 0.89 0.89 0.91 0.92 0.92 0.92 0.91
0.92 0.92 0.91 0.90 0.89 0.89 0.88 0.87 0.87 0.87 0.88 0.89 0.89 0.88 0.87 0.87 0.87 0.88 0.88 0.90 0.91 0.91 0.90
0.92 0.91 0.90 0.89 0.88 0.87 0.86 0.85 0.85 0.85 0.85 0.86 0.86 0.85 0.85 0.84 0.85 0.85 0.86 0.87 0.88 0.89 0.89
0.92 0.90 0.88 0.87 0.87 0.85 0.84 0.83 0.82 0.82 0.83 0.83 0.83 0.82 0.82 0.82 0.82 0.83 0.84 0.85 0.85 0.86 0.86
0.93 0.90 0.87 0.84 0.83 0.82 0.81 0.80 0.79 0.78 0.77 0.77 0.76 0.76 0.76 0.77 0.77 0.78 0.79 0.79 0.81 0.82 0.83
0.91 0.89 0.87 0.83 0.81 0.80 0.78 0.77 0.75 0.74 0.72 0.71 0.71 0.71 0.71 0.72 0.73 0.74 0.76 0.77 0.79 0.81 0.83
0.91 0.89 0.87 0.84 0.82 0.80 0.79 0.77 0.76 0.73 0.72 0.70 0.69 0.68 0.69 0.70 0.70 0.71 0.74 0.76 0.78 0.80 0.82
0.92 0.91 0.89 0.86 0.84 0.82 0.80 0.78 0.76 0.74 0.72 0.70 0.68 0.67 0.67 0.68 0.69 0.69 0.71 0.74 0.77 0.80 0.82
0.93 0.92 0.90 0.88 0.86 0.84 0.82 0.79 0.76 0.74 0.72 0.70 0.68 0.66 0.66 0.67 0.67 0.68 0.70 0.73 0.77 0.80 0.82
0.94 0.93 0.92 0.90 0.88 0.85 0.83 0.80 0.77 0.75 0.72 0.69 0.67 0.66 0.66 0.65 0.66 0.67 0.70 0.73 0.75 0.79 0.82
0.95 0.94 0.93 0.91 0.89 0.86 0.84 0.81 0.78 0.76 0.73 0.70 0.67 0.66 0.66 0.65 0.65 0.65 0.69 0.72 0.75 0.78 0.82
0.95 0.96 0.94 0.92 0.90 0.87 0.84 0.82 0.79 0.77 0.74 0.71 0.68 0.67 0.66 0.65 0.64 0.65 0.67 0.71 0.75 0.78 0.80
0.96 0.96 0.95 0.92 0.90 0.88 0.85 0.82 0.80 0.77 0.75 0.72 0.69 0.68 0.67 0.65 0.64 0.64 0.66 0.69 0.72 0.76 0.80
0.96 0.97 0.96 0.92 0.90 0.88 0.86 0.83 0.81 0.78 0.75 0.73 0.70 0.69 0.68 0.66 0.65 0.64 0.65 0.68 0.70 0.74 0.78
0.96 0.97 0.95 0.92 0.90 0.88 0.86 0.84 0.81 0.79 0.76 0.73 0.71 0.70 0.69 0.67 0.66 0.65 0.65 0.67 0.69 0.72 0.75
0.97 0.97 0.95 0.92 0.90 0.89 0.86 0.84 0.82 0.79 0.77 0.74 0.72 0.71 0.70 0.68 0.67 0.66 0.66 0.66 0.68 0.71 0.74
0.97 0.97 0.95 0.92 0.90 0.88 0.87 0.84 0.82 0.80 0.77 0.75 0.73 0.72 0.71 0.69 0.68 0.66 0.65 0.67 0.68 0.70 0.73
0.97 0.96 0.94 0.91 0.90 0.88 0.86 0.85 0.82 0.80 0.78 0.76 0.74 0.73 0.71 0.70 0.69 0.67 0.65 0.67 0.68 0.69 0.72
LUT_ML[:,:,7] = 
0.92 0.94 0.93 0.92 0.91 0.90 0.90 0.90 0.91 0.92 0.92 0.91 0.91 0.91 0.91 0.90 0.90 0.90 0.90 0.90 0.91 0.91 0.91
0.92 0.94 0.93 0.91 0.91 0.90 0.89 0.90 0.91 0.92 0.91 0.91 0.91 0.90 0.90 0.90 0.90 0.90 0.90 0.90 0.91 0.91 0.91
0.92 0.94 0.93 0.91 0.90 0.90 0.89 0.90 0.91 0.91 0.91 0.91 0.91 0.90 0.90 0.90 0.89 0.89 0.90 0.90 0.90 0.91 0.91
0.92 0.93 0.92 0.91 0.90 0.89 0.88 0.88 0.89 0.90 0.90 0.90 0.90 0.89 0.89 0.89 0.88 0.88 0.89 0.89 0.89 0.89 0.90
0.91 0.93 0.91 0.90 0.89 0.88 0.88 0.87 0.87 0.88 0.88 0.89 0.88 0.88 0.88 0.87 0.87 0.87 0.87 0.88 0.88 0.88 0.88
0.91 0.92 0.91 0.89 0.88 0.88 0.87 0.86 0.86 0.86 0.86 0.87 0.87 0.86 0.86 0.85 0.85 0.85 0.86 0.86 0.86 0.86 0.87
0.91 0.91 0.90 0.88 0.88 0.87 0.86 0.85 0.84 0.84 0.84 0.84 0.85 0.84 0.84 0.83 0.82 0.82 0.83 0.84 0.85 0.85 0.85
0.90 0.89 0.88 0.87 0.86 0.85 0.84 0.82 0.81 0.80 0.80 0.80 0.80 0.80 0.79 0.78 0.78 0.78 0.78 0.79 0.81 0.82 0.83
0.90 0.88 0.87 0.85 0.84 0.83 0.82 0.80 0.79 0.77 0.77 0.76 0.76 0.75 0.75 0.75 0.76 0.76 0.77 0.78 0.79 0.81 0.82
0.91 0.89 0.88 0.85 0.84 0.83 0.82 0.81 0.79 0.78 0.77 0.76 0.74 0.74 0.73 0.73 0.74 0.75 0.76 0.77 0.78 0.80 0.81
0.92 0.91 0.90 0.88 0.86 0.84 0.83 0.81 0.80 0.79 0.77 0.75 0.74 0.72 0.72 0.72 0.73 0.73 0.75 0.76 0.77 0.78 0.80
0.93 0.92 0.91 0.89 0.87 0.86 0.84 0.82 0.81 0.79 0.77 0.75 0.73 0.71 0.70 0.70 0.71 0.72 0.73 0.75 0.76 0.78 0.80
0.94 0.93 0.93 0.91 0.89 0.87 0.85 0.84 0.81 0.79 0.77 0.75 0.73 0.71 0.69 0.69 0.69 0.70 0.71 0.73 0.75 0.78 0.80
0.95 0.95 0.94 0.92 0.90 0.89 0.87 0.85 0.82 0.79 0.77 0.74 0.72 0.70 0.69 0.69 0.68 0.69 0.70 0.71 0.74 0.77 0.79
0.97 0.96 0.95 0.94 0.92 0.90 0.88 0.85 0.83 0.80 0.77 0.75 0.72 0.70 0.69 0.68 0.68 0.67 0.68 0.71 0.74 0.76 0.79
0.97 0.96 0.96 0.95 0.94 0.91 0.89 0.86 0.83 0.81 0.78 0.76 0.73 0.70 0.69 0.68 0.67 0.67 0.67 0.69 0.73 0.76 0.79
0.98 0.97 0.97 0.96 0.94 0.92 0.89 0.87 0.84 0.81 0.79 0.76 0.74 0.71 0.70 0.68 0.67 0.67 0.66 0.68 0.71 0.74 0.78
0.98 0.98 0.98 0.96 0.95 0.92 0.90 0.87 0.85 0.82 0.79 0.77 0.74 0.72 0.71 0.69 0.68 0.67 0.65 0.67 0.70 0.72 0.76
0.98 0.98 0.98 0.96 0.95 0.93 0.90 0.88 0.85 0.83 0.80 0.77 0.75 0.73 0.72 0.70 0.69 0.67 0.65 0.66 0.69 0.71 0.74
0.99 0.99 0.98 0.96 0.95 0.93 0.91 0.88 0.86 0.83 0.81 0.78 0.75 0.74 0.73 0.71 0.70 0.68 0.66 0.65 0.67 0.70 0.73
0.99 0.99 0.98 0.96 0.95 0.93 0.91 0.89 0.87 0.84 0.81 0.79 0.76 0.75 0.73 0.72 0.71 0.69 0.66 0.65 0.66 0.69 0.72
LUT_ML[:,:,8] = 
0.92 0.92 0.91 0.89 0.89 0.88 0.87 0.86 0.86 0.86 0.86 0.86 0.86 0.85 0.85 0.86 0.86 0.86 0.87 0.87 0.87 0.87 0.87
0.92 0.92 0.91 0.89 0.88 0.88 0.87 0.86 0.86 0.86 0.86 0.86 0.86 0.85 0.85 0.85 0.86 0.86 0.87 0.87 0.87 0.87 0.87
0.92 0.92 0.91 0.89 0.88 0.87 0.87 0.86 0.86 0.86 0.86 0.86 0.85 0.85 0.85 0.85 0.85 0.86 0.86 0.87 0.87 0.87 0.87
0.91 0.91 0.90 0.88 0.87 0.87 0.86 0.86 0.86 0.86 0.86 0.85 0.85 0.85 0.85 0.85 0.85 0.85 0.86 0.86 0.86 0.86 0.86
0.91 0.91 0.89 0.87 0.87 0.86 0.85 0.85 0.85 0.85 0.85 0.85 0.85 0.85 0.84 0.84 0.84 0.84 0.84 0.84 0.84 0.85 0.85
0.90 0.90 0.88 0.86 0.86 0.85 0.84 0.84 0.83 0.84 0.84 0.84 0.84 0.84 0.83 0.83 0.83 0.82 0.83 0.83 0.83 0.83 0.83
0.90 0.89 0.87 0.85 0.85 0.84 0.84 0.83 0.82 0.82 0.82 0.82 0.82 0.82 0.82 0.81 0.81 0.81 0.81 0.81 0.81 0.81 0.82
0.88 0.87 0.85 0.83 0.83 0.82 0.82 0.81 0.80 0.79 0.79 0.79 0.79 0.79 0.78 0.78 0.78 0.77 0.78 0.79 0.80 0.81 0.81
0.87 0.85 0.83 0.82 0.81 0.81 0.80 0.80 0.79 0.78 0.77 0.77 0.77 0.78 0.78 0.77 0.77 0.77 0.77 0.78 0.80 0.81 0.82
0.89 0.86 0.84 0.82 0.82 0.82 0.81 0.81 0.80 0.79 0.78 0.78 0.77 0.77 0.77 0.77 0.76 0.76 0.76 0.77 0.78 0.80 0.81
0.93 0.90 0.86 0.83 0.83 0.83 0.83 0.82 0.81 0.80 0.79 0.78 0.77 0.77 0.76 0.76 0.75 0.75 0.76 0.76 0.77 0.79 0.80
0.95 0.93 0.89 0.86 0.85 0.84 0.84 0.83 0.82 0.81 0.80 0.79 0.78 0.76 0.75 0.74 0.74 0.74 0.75 0.76 0.76 0.77 0.79
0.97 0.95 0.91 0.89 0.88 0.87 0.85 0.84 0.83 0.82 0.81 0.79 0.78 0.76 0.74 0.73 0.72 0.73 0.74 0.75 0.76 0.76 0.77
0.98 0.96 0.93 0.90 0.89 0.88 0.87 0.85 0.84 0.83 0.82 0.80 0.78 0.76 0.74 0.72 0.71 0.71 0.73 0.74 0.75 0.75 0.76
1.00 0.98 0.95 0.92 0.91 0.90 0.88 0.87 0.86 0.84 0.82 0.80 0.78 0.76 0.74 0.72 0.71 0.70 0.71 0.73 0.74 0.75 0.75
1.01 0.99 0.96 0.93 0.92 0.91 0.90 0.88 0.87 0.85 0.83 0.80 0.78 0.76 0.74 0.71 0.70 0.70 0.70 0.72 0.73 0.74 0.75
1.02 1.00 0.98 0.95 0.94 0.92 0.91 0.90 0.88 0.86 0.84 0.81 0.78 0.76 0.73 0.71 0.71 0.70 0.69 0.70 0.72 0.74 0.76
1.03 1.01 0.99 0.96 0.95 0.94 0.93 0.91 0.89 0.87 0.85 0.82 0.79 0.77 0.74 0.72 0.71 0.70 0.69 0.69 0.70 0.72 0.76
1.04 1.02 1.00 0.97 0.96 0.95 0.94 0.92 0.90 0.88 0.85 0.83 0.80 0.77 0.75 0.73 0.71 0.70 0.68 0.68 0.68 0.70 0.74
1.04 1.03 1.01 0.98 0.97 0.96 0.94 0.92 0.90 0.88 0.86 0.83 0.81 0.78 0.75 0.74 0.72 0.71 0.68 0.67 0.67 0.69 0.72
1.04 1.03 1.02 0.99 0.98 0.96 0.95 0.93 0.91 0.89 0.87 0.84 0.81 0.79 0.76 0.75 0.73 0.72 0.69 0.67 0.66 0.68 0.71
LUT_ML[:,:,9] = 
0.92 0.92 0.91 0.89 0.88 0.87 0.85 0.84 0.84 0.83 0.82 0.82 0.81 0.81 0.81 0.81 0.81 0.81 0.82 0.83 0.84 0.84 0.84
0.91 0.92 0.91 0.89 0.88 0.86 0.85 0.84 0.83 0.83 0.82 0.82 0.81 0.81 0.81 0.81 0.81 0.81 0.81 0.83 0.84 0.84 0.84
0.91 0.92 0.90 0.89 0.88 0.86 0.85 0.84 0.83 0.83 0.82 0.81 0.81 0.81 0.81 0.81 0.81 0.81 0.81 0.83 0.84 0.84 0.84
0.91 0.91 0.90 0.88 0.87 0.86 0.85 0.84 0.83 0.82 0.81 0.81 0.81 0.81 0.80 0.80 0.80 0.81 0.81 0.82 0.83 0.83 0.83
0.90 0.90 0.89 0.87 0.86 0.85 0.84 0.83 0.82 0.82 0.81 0.81 0.80 0.80 0.80 0.80 0.80 0.80 0.80 0.82 0.82 0.82 0.82
0.90 0.89 0.88 0.86 0.85 0.84 0.83 0.82 0.81 0.80 0.80 0.80 0.80 0.80 0.80 0.79 0.79 0.79 0.79 0.81 0.81 0.81 0.81
0.89 0.89 0.87 0.85 0.84 0.83 0.82 0.81 0.80 0.79 0.79 0.79 0.79 0.79 0.79 0.79 0.79 0.78 0.78 0.79 0.79 0.79 0.79
0.88 0.87 0.85 0.83 0.82 0.81 0.80 0.79 0.78 0.77 0.76 0.76 0.76 0.76 0.76 0.76 0.76 0.76 0.77 0.78 0.79 0.79 0.80
0.86 0.85 0.83 0.82 0.81 0.80 0.79 0.78 0.77 0.76 0.76 0.76 0.76 0.76 0.76 0.76 0.76 0.76 0.77 0.78 0.79 0.80 0.81
0.88 0.85 0.84 0.82 0.81 0.80 0.80 0.79 0.78 0.77 0.77 0.77 0.76 0.77 0.77 0.77 0.77 0.77 0.77 0.77 0.78 0.79 0.80
0.91 0.88 0.85 0.83 0.82 0.81 0.80 0.80 0.79 0.79 0.78 0.78 0.77 0.77 0.77 0.77 0.76 0.76 0.76 0.77 0.77 0.79 0.80
0.94 0.91 0.87 0.84 0.83 0.82 0.81 0.81 0.80 0.80 0.79 0.79 0.78 0.77 0.76 0.76 0.76 0.75 0.75 0.76 0.77 0.78 0.79
0.97 0.94 0.91 0.86 0.85 0.84 0.83 0.82 0.81 0.81 0.80 0.80 0.79 0.78 0.76 0.75 0.75 0.74 0.75 0.75 0.76 0.76 0.78
0.99 0.96 0.93 0.90 0.88 0.86 0.84 0.84 0.83 0.82 0.81 0.81 0.79 0.78 0.77 0.75 0.73 0.73 0.74 0.75 0.75 0.76 0.76
1.00 0.98 0.95 0.91 0.90 0.88 0.86 0.85 0.84 0.83 0.82 0.81 0.80 0.79 0.77 0.74 0.72 0.71 0.72 0.74 0.75 0.75 0.76
1.01 0.99 0.96 0.93 0.91 0.89 0.88 0.87 0.85 0.84 0.83 0.82 0.81 0.79 0.77 0.74 0.72 0.71 0.71 0.72 0.74 0.75 0.75
1.03 1.00 0.98 0.94 0.93 0.91 0.89 0.88 0.87 0.86 0.84 0.83 0.81 0.79 0.76 0.74 0.72 0.71 0.70 0.71 0.73 0.74 0.75
1.04 1.02 0.99 0.96 0.94 0.93 0.91 0.90 0.88 0.87 0.86 0.83 0.81 0.79 0.76 0.74 0.72 0.71 0.70 0.70 0.71 0.73 0.74
1.06 1.03 1.01 0.98 0.96 0.94 0.92 0.91 0.90 0.88 0.86 0.84 0.82 0.80 0.77 0.74 0.72 0.72 0.70 0.69 0.69 0.71 0.73
1.07 1.05 1.02 0.99 0.97 0.96 0.94 0.93 0.91 0.89 0.87 0.85 0.83 0.81 0.78 0.75 0.73 0.72 0.70 0.69 0.68 0.69 0.71
1.07 1.06 1.04 1.01 0.99 0.97 0.96 0.94 0.92 0.90 0.88 0.86 0.84 0.82 0.79 0.76 0.74 0.73 0.70 0.68 0.68 0.68 0.69
LUT_ML[:,:,10] = 
0.91 0.92 0.90 0.88 0.87 0.85 0.84 0.83 0.82 0.82 0.81 0.80 0.80 0.79 0.78 0.78 0.77 0.77 0.77 0.78 0.79 0.81 0.82
0.91 0.92 0.90 0.88 0.87 0.85 0.84 0.83 0.82 0.82 0.81 0.80 0.79 0.79 0.78 0.77 0.77 0.77 0.77 0.77 0.79 0.81 0.81
0.91 0.91 0.90 0.88 0.87 0.85 0.84 0.83 0.82 0.81 0.81 0.80 0.79 0.79 0.78 0.77 0.77 0.77 0.77 0.77 0.79 0.81 0.81
0.91 0.91 0.90 0.88 0.86 0.85 0.84 0.83 0.81 0.81 0.80 0.80 0.79 0.78 0.77 0.77 0.76 0.76 0.76 0.77 0.78 0.80 0.80
0.90 0.90 0.89 0.87 0.86 0.85 0.83 0.82 0.81 0.80 0.79 0.79 0.78 0.77 0.77 0.76 0.75 0.75 0.76 0.76 0.78 0.79 0.79
0.90 0.89 0.88 0.86 0.85 0.84 0.83 0.81 0.80 0.79 0.78 0.78 0.77 0.77 0.76 0.75 0.75 0.75 0.75 0.76 0.77 0.78 0.78
0.89 0.89 0.87 0.85 0.84 0.83 0.82 0.80 0.79 0.78 0.77 0.77 0.77 0.76 0.75 0.75 0.74 0.74 0.74 0.75 0.76 0.77 0.77
0.88 0.87 0.85 0.83 0.82 0.80 0.79 0.78 0.77 0.76 0.75 0.74 0.74 0.74 0.74 0.74 0.74 0.74 0.74 0.76 0.77 0.78 0.78
0.87 0.85 0.84 0.82 0.81 0.80 0.79 0.78 0.77 0.76 0.75 0.74 0.74 0.74 0.74 0.74 0.75 0.75 0.75 0.77 0.78 0.78 0.79
0.87 0.86 0.84 0.82 0.81 0.80 0.79 0.78 0.78 0.77 0.76 0.75 0.74 0.74 0.74 0.74 0.75 0.75 0.75 0.77 0.78 0.79 0.80
0.89 0.87 0.85 0.83 0.82 0.81 0.80 0.79 0.78 0.78 0.77 0.76 0.75 0.74 0.74 0.75 0.75 0.75 0.76 0.76 0.77 0.78 0.79
0.93 0.89 0.86 0.84 0.83 0.82 0.81 0.80 0.79 0.79 0.78 0.77 0.76 0.75 0.75 0.75 0.75 0.75 0.75 0.76 0.77 0.77 0.78
0.96 0.92 0.88 0.85 0.84 0.83 0.82 0.81 0.80 0.79 0.79 0.78 0.77 0.77 0.76 0.75 0.75 0.75 0.74 0.75 0.76 0.77 0.78
0.99 0.96 0.91 0.87 0.85 0.84 0.83 0.82 0.81 0.80 0.80 0.79 0.78 0.78 0.77 0.76 0.75 0.75 0.74 0.74 0.75 0.76 0.77
1.00 0.98 0.95 0.91 0.89 0.87 0.85 0.84 0.83 0.82 0.81 0.80 0.79 0.78 0.78 0.77 0.75 0.73 0.73 0.73 0.74 0.75 0.76
1.02 0.99 0.96 0.93 0.91 0.89 0.88 0.86 0.85 0.84 0.82 0.81 0.80 0.79 0.79 0.77 0.75 0.73 0.72 0.73 0.73 0.74 0.75
1.03 1.01 0.98 0.94 0.93 0.91 0.89 0.88 0.86 0.85 0.83 0.82 0.81 0.80 0.79 0.77 0.75 0.73 0.71 0.72 0.73 0.73 0.74
1.05 1.02 0.99 0.96 0.94 0.93 0.91 0.89 0.88 0.86 0.84 0.83 0.82 0.81 0.79 0.77 0.75 0.73 0.71 0.71 0.72 0.73 0.73
1.06 1.04 1.01 0.98 0.96 0.94 0.92 0.91 0.89 0.88 0.86 0.84 0.83 0.81 0.79 0.77 0.75 0.73 0.71 0.70 0.70 0.72 0.73
1.07 1.05 1.02 0.99 0.98 0.96 0.94 0.92 0.91 0.89 0.87 0.85 0.83 0.81 0.79 0.77 0.75 0.73 0.71 0.70 0.69 0.70 0.72
1.07 1.06 1.04 1.01 0.99 0.98 0.96 0.94 0.92 0.90 0.88 0.86 0.84 0.82 0.80 0.78 0.75 0.73 0.72 0.70 0.69 0.69 0.70
LUT_ML[:,:,11] = 
0.91 0.91 0.89 0.87 0.86 0.85 0.83 0.82 0.81 0.80 0.80 0.79 0.78 0.78 0.77 0.76 0.76 0.75 0.74 0.74 0.74 0.77 0.79
0.91 0.91 0.89 0.87 0.86 0.85 0.83 0.82 0.81 0.80 0.79 0.79 0.78 0.78 0.77 0.76 0.76 0.75 0.74 0.73 0.74 0.76 0.78
0.91 0.91 0.89 0.87 0.86 0.84 0.83 0.82 0.81 0.80 0.79 0.79 0.78 0.77 0.77 0.76 0.75 0.75 0.74 0.73 0.74 0.76 0.78
0.91 0.91 0.89 0.87 0.86 0.84 0.83 0.81 0.80 0.79 0.78 0.78 0.77 0.77 0.76 0.75 0.75 0.74 0.73 0.72 0.73 0.75 0.78
0.91 0.90 0.89 0.87 0.85 0.84 0.82 0.81 0.80 0.79 0.78 0.77 0.77 0.76 0.75 0.75 0.74 0.73 0.72 0.71 0.73 0.75 0.77
0.90 0.90 0.88 0.86 0.85 0.83 0.82 0.80 0.79 0.78 0.77 0.76 0.76 0.75 0.75 0.74 0.73 0.73 0.72 0.71 0.72 0.74 0.76
0.90 0.89 0.87 0.85 0.84 0.82 0.81 0.80 0.78 0.77 0.76 0.75 0.75 0.74 0.74 0.73 0.73 0.72 0.71 0.70 0.71 0.73 0.75
0.88 0.87 0.85 0.83 0.81 0.80 0.79 0.78 0.77 0.76 0.75 0.74 0.73 0.73 0.73 0.72 0.72 0.72 0.71 0.71 0.73 0.75 0.76
0.87 0.86 0.84 0.82 0.81 0.80 0.79 0.78 0.77 0.76 0.75 0.74 0.73 0.73 0.73 0.73 0.73 0.73 0.73 0.73 0.75 0.77 0.77
0.88 0.87 0.85 0.82 0.81 0.80 0.79 0.78 0.77 0.76 0.76 0.75 0.74 0.73 0.73 0.73 0.73 0.73 0.73 0.74 0.77 0.78 0.78
0.89 0.87 0.85 0.83 0.82 0.81 0.80 0.79 0.78 0.77 0.76 0.76 0.75 0.74 0.73 0.73 0.73 0.73 0.74 0.75 0.76 0.77 0.78
0.91 0.88 0.86 0.84 0.83 0.81 0.81 0.80 0.79 0.78 0.77 0.77 0.76 0.75 0.74 0.74 0.73 0.73 0.73 0.75 0.76 0.77 0.78
0.94 0.90 0.87 0.84 0.83 0.82 0.81 0.81 0.80 0.79 0.78 0.77 0.77 0.76 0.75 0.74 0.74 0.74 0.74 0.75 0.76 0.76 0.77
0.97 0.93 0.89 0.86 0.85 0.83 0.82 0.82 0.81 0.80 0.79 0.78 0.78 0.77 0.76 0.75 0.74 0.74 0.74 0.74 0.75 0.76 0.77
1.00 0.97 0.92 0.88 0.86 0.85 0.84 0.83 0.82 0.81 0.80 0.79 0.78 0.78 0.77 0.76 0.75 0.74 0.73 0.73 0.74 0.75 0.76
1.02 0.99 0.96 0.92 0.90 0.87 0.86 0.85 0.84 0.83 0.82 0.81 0.80 0.79 0.78 0.77 0.76 0.75 0.72 0.72 0.73 0.74 0.75
1.04 1.01 0.98 0.94 0.93 0.91 0.89 0.87 0.85 0.84 0.83 0.82 0.81 0.80 0.79 0.78 0.77 0.75 0.72 0.72 0.72 0.73 0.74
1.05 1.02 1.00 0.96 0.94 0.93 0.91 0.89 0.88 0.86 0.85 0.84 0.82 0.81 0.79 0.78 0.77 0.75 0.72 0.71 0.72 0.72 0.73
1.06 1.04 1.01 0.98 0.96 0.94 0.92 0.91 0.89 0.88 0.86 0.84 0.83 0.81 0.80 0.79 0.77 0.75 0.73 0.71 0.71 0.72 0.72
1.07 1.05 1.03 1.00 0.98 0.96 0.94 0.93 0.91 0.89 0.88 0.86 0.84 0.82 0.80 0.79 0.77 0.75 0.73 0.71 0.70 0.71 0.72
1.08 1.06 1.04 1.02 1.00 0.98 0.96 0.94 0.93 0.91 0.89 0.87 0.85 0.83 0.81 0.79 0.77 0.75 0.73 0.71 0.70 0.70 0.71
LUT_ML[:,:,12] = 
0.91 0.90 0.88 0.86 0.85 0.83 0.82 0.81 0.80 0.79 0.78 0.77 0.77 0.76 0.76 0.75 0.74 0.74 0.74 0.73 0.73 0.74 0.75
0.91 0.90 0.88 0.86 0.85 0.83 0.82 0.81 0.80 0.79 0.78 0.77 0.77 0.76 0.76 0.75 0.74 0.74 0.73 0.73 0.73 0.73 0.74
0.91 0.90 0.88 0.86 0.85 0.83 0.82 0.81 0.80 0.79 0.78 0.77 0.77 0.76 0.75 0.75 0.74 0.74 0.73 0.73 0.72 0.73 0.74
0.91 0.90 0.88 0.86 0.84 0.83 0.81 0.80 0.79 0.78 0.77 0.76 0.76 0.75 0.75 0.74 0.73 0.73 0.72 0.72 0.71 0.72 0.73
0.91 0.90 0.88 0.85 0.84 0.82 0.81 0.80 0.78 0.77 0.76 0.75 0.75 0.75 0.74 0.74 0.73 0.72 0.71 0.71 0.71 0.72 0.73
0.91 0.90 0.88 0.85 0.83 0.82 0.80 0.79 0.78 0.77 0.76 0.75 0.74 0.74 0.73 0.73 0.72 0.71 0.70 0.70 0.70 0.71 0.72
0.90 0.89 0.87 0.84 0.83 0.81 0.80 0.78 0.77 0.76 0.75 0.74 0.73 0.73 0.72 0.72 0.71 0.71 0.69 0.69 0.69 0.70 0.72
0.89 0.87 0.85 0.82 0.81 0.80 0.79 0.78 0.77 0.75 0.74 0.73 0.72 0.72 0.71 0.71 0.71 0.71 0.70 0.69 0.70 0.71 0.73
0.88 0.86 0.84 0.82 0.81 0.80 0.79 0.78 0.77 0.76 0.75 0.74 0.73 0.73 0.72 0.72 0.72 0.72 0.71 0.71 0.71 0.72 0.74
0.89 0.87 0.85 0.83 0.81 0.80 0.79 0.78 0.77 0.76 0.76 0.75 0.74 0.73 0.73 0.72 0.72 0.72 0.72 0.72 0.72 0.74 0.76
0.89 0.87 0.85 0.83 0.82 0.81 0.80 0.79 0.78 0.77 0.76 0.75 0.74 0.74 0.73 0.72 0.72 0.72 0.72 0.72 0.74 0.76 0.77
0.90 0.88 0.86 0.84 0.83 0.82 0.81 0.80 0.79 0.78 0.77 0.76 0.75 0.75 0.74 0.73 0.73 0.72 0.72 0.72 0.74 0.76 0.77
0.92 0.89 0.86 0.84 0.83 0.82 0.81 0.80 0.79 0.79 0.78 0.77 0.76 0.75 0.75 0.74 0.73 0.73 0.72 0.72 0.74 0.75 0.76
0.95 0.91 0.88 0.85 0.84 0.83 0.82 0.81 0.80 0.80 0.79 0.78 0.77 0.76 0.76 0.75 0.74 0.73 0.73 0.72 0.74 0.75 0.76
0.98 0.95 0.90 0.87 0.86 0.84 0.83 0.82 0.81 0.80 0.80 0.79 0.78 0.77 0.76 0.76 0.75 0.74 0.73 0.73 0.73 0.74 0.75
1.02 0.98 0.94 0.89 0.87 0.86 0.85 0.84 0.83 0.82 0.81 0.80 0.79 0.78 0.77 0.77 0.76 0.75 0.73 0.72 0.72 0.73 0.74
1.05 1.01 0.98 0.93 0.91 0.88 0.87 0.85 0.84 0.83 0.82 0.81 0.80 0.79 0.78 0.78 0.77 0.76 0.74 0.72 0.72 0.72 0.73
1.06 1.03 1.00 0.97 0.95 0.92 0.90 0.88 0.86 0.85 0.84 0.83 0.82 0.81 0.80 0.79 0.78 0.77 0.73 0.71 0.71 0.71 0.72
1.07 1.04 1.02 0.99 0.97 0.95 0.93 0.91 0.89 0.87 0.86 0.85 0.84 0.83 0.82 0.80 0.79 0.78 0.74 0.71 0.71 0.71 0.71
1.07 1.05 1.03 1.01 0.99 0.97 0.95 0.93 0.91 0.90 0.88 0.86 0.85 0.83 0.82 0.81 0.79 0.78 0.74 0.72 0.71 0.71 0.71
1.08 1.06 1.04 1.02 1.01 0.99 0.97 0.95 0.93 0.92 0.90 0.88 0.86 0.85 0.83 0.81 0.80 0.77 0.73 0.72 0.71 0.71 0.71
LUT_ML[:,:,13] = 
0.90 0.89 0.87 0.85 0.83 0.82 0.81 0.79 0.78 0.77 0.77 0.76 0.75 0.75 0.74 0.74 0.74 0.73 0.73 0.73 0.72 0.72 0.73
0.90 0.89 0.87 0.85 0.83 0.82 0.80 0.79 0.78 0.77 0.76 0.76 0.75 0.75 0.74 0.74 0.74 0.73 0.73 0.73 0.72 0.72 0.73
0.90 0.89 0.87 0.85 0.83 0.82 0.80 0.79 0.78 0.77 0.76 0.75 0.75 0.74 0.74 0.74 0.73 0.73 0.73 0.72 0.72 0.72 0.73
0.90 0.89 0.87 0.84 0.83 0.81 0.80 0.79 0.78 0.77 0.76 0.75 0.74 0.74 0.73 0.73 0.72 0.72 0.72 0.71 0.71 0.71 0.72
0.90 0.89 0.87 0.84 0.82 0.81 0.80 0.78 0.77 0.76 0.75 0.74 0.73 0.73 0.72 0.72 0.71 0.71 0.71 0.71 0.70 0.70 0.71
0.91 0.89 0.87 0.83 0.82 0.80 0.79 0.78 0.77 0.75 0.74 0.73 0.72 0.72 0.71 0.71 0.70 0.70 0.70 0.69 0.69 0.69 0.71
0.90 0.89 0.86 0.83 0.81 0.80 0.79 0.77 0.76 0.75 0.74 0.73 0.72 0.71 0.70 0.70 0.69 0.69 0.69 0.69 0.69 0.70 0.71
0.89 0.87 0.85 0.82 0.81 0.80 0.78 0.77 0.76 0.74 0.73 0.72 0.71 0.70 0.70 0.70 0.70 0.69 0.69 0.69 0.69 0.70 0.72
0.89 0.87 0.84 0.82 0.81 0.80 0.79 0.78 0.77 0.76 0.75 0.74 0.73 0.72 0.71 0.71 0.70 0.70 0.70 0.70 0.70 0.71 0.72
0.89 0.87 0.85 0.83 0.82 0.81 0.80 0.78 0.77 0.76 0.76 0.75 0.74 0.73 0.72 0.72 0.72 0.71 0.71 0.71 0.70 0.72 0.73
0.90 0.88 0.85 0.83 0.82 0.81 0.80 0.79 0.78 0.77 0.76 0.75 0.74 0.73 0.73 0.72 0.72 0.71 0.71 0.72 0.72 0.73 0.74
0.90 0.88 0.86 0.84 0.83 0.82 0.81 0.80 0.79 0.78 0.77 0.76 0.75 0.74 0.73 0.73 0.72 0.72 0.71 0.71 0.72 0.74 0.76
0.91 0.89 0.87 0.84 0.83 0.82 0.81 0.80 0.79 0.78 0.77 0.77 0.76 0.75 0.74 0.73 0.73 0.72 0.72 0.71 0.72 0.74 0.75
0.94 0.90 0.88 0.85 0.84 0.83 0.82 0.81 0.80 0.79 0.78 0.78 0.77 0.76 0.75 0.74 0.74 0.73 0.72 0.72 0.72 0.74 0.74
0.97 0.93 0.90 0.87 0.85 0.84 0.83 0.82 0.81 0.80 0.79 0.78 0.78 0.77 0.76 0.75 0.74 0.74 0.72 0.72 0.72 0.73 0.74
1.00 0.97 0.93 0.89 0.87 0.86 0.84 0.83 0.82 0.81 0.80 0.79 0.79 0.78 0.77 0.76 0.75 0.75 0.73 0.72 0.73 0.73 0.73
1.04 1.00 0.96 0.91 0.89 0.88 0.86 0.85 0.84 0.83 0.82 0.81 0.80 0.79 0.78 0.77 0.76 0.75 0.74 0.73 0.73 0.72 0.72
1.06 1.03 0.99 0.95 0.93 0.91 0.89 0.87 0.86 0.85 0.84 0.82 0.81 0.80 0.79 0.78 0.77 0.76 0.75 0.73 0.72 0.72 0.72
1.07 1.05 1.02 0.99 0.97 0.94 0.92 0.90 0.88 0.87 0.86 0.85 0.83 0.82 0.81 0.80 0.79 0.78 0.76 0.73 0.72 0.71 0.71
1.08 1.06 1.03 1.01 0.99 0.98 0.96 0.94 0.92 0.89 0.88 0.87 0.85 0.84 0.83 0.82 0.81 0.79 0.77 0.74 0.72 0.71 0.70
1.09 1.07 1.04 1.02 1.01 0.99 0.98 0.96 0.94 0.92 0.90 0.89 0.87 0.86 0.85 0.83 0.82 0.81 0.77 0.74 0.72 0.71 0.70
LUT_ML[:,:,14] = 
0.90 0.89 0.87 0.84 0.83 0.81 0.80 0.79 0.78 0.77 0.76 0.75 0.74 0.74 0.74 0.74 0.74 0.73 0.73 0.73 0.72 0.72 0.73
0.90 0.89 0.87 0.84 0.83 0.81 0.80 0.79 0.78 0.77 0.76 0.75 0.74 0.74 0.73 0.73 0.73 0.73 0.73 0.72 0.72 0.72 0.73
0.90 0.89 0.87 0.84 0.82 0.81 0.80 0.78 0.77 0.76 0.76 0.75 0.74 0.73 0.73 0.73 0.73 0.73 0.72 0.72 0.72 0.71 0.72
0.90 0.89 0.87 0.84 0.82 0.81 0.79 0.78 0.77 0.76 0.75 0.74 0.73 0.73 0.72 0.72 0.72 0.72 0.72 0.71 0.71 0.71 0.72
0.90 0.89 0.86 0.83 0.82 0.80 0.79 0.78 0.76 0.75 0.74 0.73 0.73 0.72 0.71 0.71 0.71 0.71 0.71 0.70 0.70 0.70 0.71
0.90 0.89 0.86 0.83 0.81 0.80 0.78 0.77 0.76 0.75 0.74 0.73 0.72 0.71 0.71 0.70 0.70 0.70 0.70 0.69 0.69 0.69 0.70
0.90 0.89 0.85 0.82 0.81 0.79 0.78 0.76 0.75 0.74 0.73 0.72 0.71 0.70 0.70 0.69 0.69 0.68 0.68 0.69 0.69 0.69 0.71
0.89 0.87 0.85 0.82 0.81 0.79 0.78 0.76 0.75 0.74 0.73 0.72 0.71 0.70 0.69 0.69 0.69 0.69 0.68 0.69 0.69 0.70 0.71
0.89 0.87 0.84 0.82 0.81 0.80 0.79 0.78 0.77 0.76 0.75 0.74 0.73 0.72 0.71 0.70 0.70 0.70 0.69 0.69 0.69 0.70 0.72
0.89 0.87 0.85 0.83 0.82 0.81 0.80 0.79 0.78 0.76 0.76 0.75 0.74 0.73 0.72 0.72 0.71 0.71 0.70 0.70 0.70 0.71 0.73
0.90 0.88 0.85 0.83 0.82 0.81 0.80 0.79 0.78 0.77 0.76 0.75 0.74 0.73 0.73 0.72 0.72 0.71 0.71 0.71 0.71 0.72 0.73
0.91 0.89 0.86 0.84 0.83 0.82 0.81 0.80 0.79 0.78 0.77 0.76 0.75 0.74 0.73 0.72 0.72 0.71 0.71 0.71 0.71 0.73 0.74
0.92 0.90 0.87 0.85 0.84 0.82 0.81 0.80 0.79 0.78 0.77 0.76 0.76 0.75 0.74 0.73 0.73 0.72 0.71 0.71 0.71 0.73 0.75
0.93 0.91 0.88 0.86 0.84 0.83 0.82 0.81 0.80 0.79 0.78 0.77 0.77 0.76 0.75 0.74 0.73 0.73 0.72 0.71 0.71 0.73 0.74
0.96 0.92 0.90 0.87 0.86 0.84 0.83 0.82 0.81 0.80 0.79 0.78 0.77 0.77 0.76 0.75 0.74 0.73 0.72 0.72 0.72 0.73 0.74
1.00 0.96 0.92 0.89 0.87 0.86 0.84 0.83 0.82 0.81 0.80 0.79 0.78 0.78 0.77 0.76 0.75 0.74 0.73 0.72 0.72 0.73 0.73
1.03 0.99 0.95 0.91 0.89 0.88 0.86 0.85 0.84 0.83 0.81 0.80 0.79 0.78 0.78 0.77 0.76 0.75 0.74 0.72 0.73 0.73 0.73
1.05 1.02 0.99 0.95 0.92 0.90 0.89 0.87 0.86 0.85 0.84 0.82 0.81 0.80 0.79 0.78 0.77 0.76 0.75 0.73 0.73 0.72 0.72
1.08 1.05 1.02 0.98 0.96 0.94 0.91 0.89 0.88 0.87 0.86 0.84 0.83 0.82 0.81 0.80 0.78 0.77 0.76 0.74 0.73 0.72 0.72
1.09 1.06 1.04 1.01 1.00 0.97 0.95 0.93 0.91 0.89 0.88 0.87 0.85 0.84 0.83 0.82 0.81 0.79 0.77 0.75 0.72 0.72 0.71
1.10 1.07 1.04 1.02 1.01 1.00 0.98 0.96 0.94 0.92 0.90 0.89 0.88 0.86 0.85 0.84 0.83 0.81 0.79 0.75 0.73 0.71 0.71
