LUT_ML[:,:,0] = 
0.14 0.20 0.29 0.40 0.46 0.53 0.59 0.65 0.70 0.76 0.81 0.83 0.85 0.86 0.86 0.85 0.85 0.84 0.83 0.80 0.77 0.75 0.73
0.14 0.20 0.29 0.40 0.46 0.52 0.58 0.64 0.70 0.75 0.81 0.83 0.84 0.86 0.86 0.85 0.85 0.84 0.83 0.80 0.77 0.75 0.73
0.13 0.20 0.28 0.39 0.45 0.52 0.58 0.64 0.69 0.75 0.80 0.83 0.84 0.85 0.86 0.85 0.85 0.84 0.82 0.80 0.77 0.75 0.73
0.12 0.18 0.27 0.37 0.43 0.49 0.55 0.61 0.66 0.72 0.78 0.81 0.83 0.84 0.85 0.85 0.85 0.84 0.82 0.80 0.77 0.75 0.74
0.10 0.16 0.25 0.35 0.41 0.47 0.53 0.58 0.64 0.69 0.75 0.79 0.81 0.82 0.83 0.84 0.85 0.84 0.82 0.80 0.77 0.75 0.74
0.08 0.14 0.23 0.32 0.38 0.44 0.49 0.55 0.60 0.66 0.71 0.77 0.79 0.80 0.81 0.82 0.83 0.83 0.82 0.80 0.77 0.76 0.76
0.07 0.12 0.21 0.30 0.35 0.40 0.46 0.52 0.58 0.63 0.69 0.75 0.77 0.78 0.79 0.81 0.82 0.82 0.81 0.79 0.77 0.77 0.77
0.06 0.12 0.20 0.29 0.34 0.39 0.45 0.50 0.56 0.62 0.68 0.73 0.74 0.75 0.76 0.78 0.79 0.79 0.78 0.78 0.79 0.79 0.79
0.01 0.08 0.16 0.24 0.29 0.34 0.40 0.47 0.54 0.60 0.66 0.69 0.71 0.72 0.73 0.75 0.76 0.77 0.78 0.79 0.80 0.81 0.81
-0.07 0.05 0.13 0.21 0.25 0.29 0.34 0.41 0.48 0.55 0.62 0.66 0.69 0.71 0.73 0.75 0.77 0.78 0.80 0.81 0.82 0.83 0.84
-0.11 0.01 0.14 0.23 0.27 0.31 0.35 0.38 0.45 0.52 0.59 0.64 0.68 0.72 0.74 0.77 0.79 0.80 0.82 0.83 0.84 0.85 0.86
-0.15 -0.03 0.11 0.24 0.28 0.32 0.35 0.39 0.44 0.51 0.58 0.64 0.68 0.72 0.75 0.77 0.80 0.82 0.84 0.85 0.86 0.87 0.87
-0.17 -0.06 0.07 0.22 0.29 0.34 0.38 0.42 0.47 0.52 0.59 0.64 0.68 0.72 0.75 0.78 0.80 0.82 0.86 0.87 0.88 0.89 0.89
-0.18 -0.09 0.04 0.19 0.27 0.35 0.41 0.45 0.50 0.54 0.60 0.65 0.69 0.72 0.75 0.78 0.80 0.83 0.86 0.89 0.90 0.91 0.91
-0.20 -0.10 0.02 0.16 0.24 0.33 0.41 0.48 0.53 0.57 0.62 0.66 0.69 0.73 0.76 0.79 0.81 0.83 0.87 0.90 0.91 0.93 0.93
-0.21 -0.11 0.00 0.14 0.22 0.30 0.39 0.47 0.54 0.60 0.64 0.66 0.70 0.74 0.77 0.79 0.82 0.84 0.87 0.90 0.92 0.94 0.95
-0.22 -0.12 -0.00 0.12 0.19 0.28 0.36 0.45 0.53 0.59 0.63 0.68 0.71 0.74 0.77 0.80 0.83 0.84 0.88 0.90 0.93 0.95 0.96
-0.24 -0.13 -0.01 0.11 0.18 0.25 0.34 0.42 0.50 0.56 0.62 0.66 0.71 0.75 0.78 0.81 0.83 0.85 0.89 0.92 0.94 0.96 0.97
-0.25 -0.13 -0.01 0.11 0.17 0.24 0.31 0.39 0.46 0.52 0.59 0.64 0.69 0.74 0.78 0.81 0.84 0.86 0.90 0.93 0.95 0.96 0.98
-0.26 -0.14 -0.02 0.11 0.17 0.23 0.29 0.35 0.42 0.49 0.55 0.61 0.67 0.72 0.76 0.80 0.84 0.87 0.91 0.95 0.97 0.98 0.99
-0.27 -0.14 -0.02 0.10 0.16 0.21 0.27 0.32 0.38 0.45 0.51 0.58 0.64 0.70 0.74 0.77 0.82 0.87 0.92 0.96 0.98 1.00 1.01
LUT_ML[:,:,1] = 
0.13 0.19 0.28 0.39 0.45 0.51 0.57 0.63 0.69 0.75 0.80 0.83 0.84 0.85 0.85 0.85 0.85 0.84 0.82 0.80 0.77 0.74 0.73
0.13 0.19 0.27 0.38 0.45 0.51 0.57 0.63 0.69 0.74 0.80 0.82 0.84 0.85 0.85 0.85 0.85 0.84 0.82 0.80 0.77 0.74 0.73
0.12 0.19 0.27 0.38 0.44 0.50 0.56 0.62 0.68 0.74 0.79 0.82 0.84 0.85 0.85 0.85 0.85 0.84 0.82 0.80 0.77 0.74 0.73
0.10 0.17 0.25 0.36 0.42 0.48 0.54 0.60 0.65 0.71 0.76 0.80 0.82 0.84 0.85 0.85 0.85 0.84 0.82 0.80 0.77 0.74 0.74
0.09 0.15 0.24 0.34 0.40 0.46 0.52 0.57 0.63 0.68 0.74 0.79 0.81 0.82 0.83 0.84 0.84 0.84 0.82 0.80 0.77 0.75 0.74
0.07 0.13 0.22 0.31 0.37 0.43 0.48 0.54 0.59 0.65 0.70 0.76 0.78 0.80 0.81 0.82 0.83 0.83 0.82 0.80 0.77 0.76 0.76
0.06 0.11 0.20 0.29 0.34 0.39 0.45 0.51 0.57 0.62 0.68 0.74 0.77 0.78 0.79 0.81 0.82 0.82 0.81 0.79 0.77 0.77 0.77
0.05 0.11 0.19 0.28 0.33 0.38 0.44 0.50 0.55 0.61 0.67 0.72 0.74 0.75 0.76 0.77 0.79 0.79 0.79 0.79 0.79 0.79 0.79
0.00 0.07 0.15 0.23 0.28 0.32 0.39 0.46 0.52 0.59 0.65 0.68 0.71 0.72 0.73 0.74 0.76 0.77 0.79 0.79 0.80 0.81 0.81
-0.08 0.03 0.12 0.20 0.24 0.28 0.33 0.40 0.46 0.53 0.60 0.65 0.68 0.71 0.73 0.75 0.77 0.78 0.80 0.81 0.82 0.83 0.84
-0.12 -0.00 0.13 0.22 0.26 0.29 0.33 0.37 0.43 0.50 0.58 0.63 0.67 0.71 0.74 0.77 0.78 0.80 0.82 0.83 0.84 0.85 0.86
-0.16 -0.04 0.10 0.22 0.27 0.30 0.34 0.38 0.43 0.50 0.57 0.63 0.67 0.71 0.74 0.77 0.79 0.82 0.84 0.85 0.86 0.87 0.88
-0.18 -0.07 0.06 0.21 0.28 0.32 0.37 0.41 0.45 0.51 0.57 0.63 0.67 0.71 0.75 0.78 0.80 0.82 0.85 0.87 0.88 0.89 0.89
-0.19 -0.10 0.03 0.18 0.26 0.34 0.40 0.44 0.48 0.53 0.59 0.64 0.68 0.72 0.75 0.78 0.80 0.82 0.86 0.89 0.90 0.91 0.91
-0.21 -0.11 0.01 0.15 0.23 0.32 0.40 0.47 0.51 0.56 0.60 0.64 0.68 0.72 0.75 0.78 0.80 0.83 0.86 0.90 0.91 0.93 0.93
-0.22 -0.12 -0.01 0.13 0.21 0.29 0.38 0.46 0.53 0.59 0.62 0.65 0.69 0.73 0.76 0.79 0.81 0.83 0.87 0.90 0.92 0.94 0.95
-0.24 -0.13 -0.01 0.11 0.18 0.27 0.35 0.44 0.52 0.58 0.63 0.67 0.70 0.74 0.77 0.79 0.82 0.84 0.88 0.90 0.93 0.95 0.96
-0.25 -0.14 -0.02 0.10 0.17 0.24 0.33 0.41 0.49 0.55 0.61 0.66 0.71 0.74 0.77 0.80 0.83 0.85 0.89 0.92 0.94 0.95 0.97
-0.26 -0.14 -0.02 0.10 0.16 0.23 0.30 0.38 0.45 0.52 0.58 0.64 0.69 0.73 0.78 0.81 0.83 0.86 0.90 0.93 0.95 0.96 0.98
-0.27 -0.15 -0.02 0.10 0.16 0.22 0.28 0.34 0.41 0.48 0.54 0.61 0.67 0.71 0.76 0.80 0.84 0.87 0.91 0.94 0.97 0.98 0.99
-0.28 -0.15 -0.03 0.09 0.16 0.21 0.26 0.32 0.37 0.44 0.51 0.57 0.63 0.69 0.73 0.77 0.82 0.87 0.92 0.95 0.98 1.00 1.01
LUT_ML[:,:,2] = 
0.12 0.18 0.26 0.37 0.44 0.50 0.56 0.62 0.68 0.74 0.79 0.82 0.84 0.85 0.85 0.85 0.84 0.84 0.82 0.79 0.77 0.74 0.73
0.12 0.18 0.26 0.37 0.43 0.49 0.56 0.62 0.68 0.73 0.79 0.82 0.84 0.85 0.85 0.85 0.84 0.84 0.82 0.79 0.77 0.74 0.73
0.11 0.17 0.26 0.36 0.43 0.49 0.55 0.61 0.67 0.73 0.78 0.81 0.84 0.85 0.85 0.84 0.84 0.84 0.82 0.79 0.77 0.74 0.73
0.09 0.16 0.24 0.34 0.41 0.47 0.53 0.59 0.64 0.70 0.75 0.80 0.82 0.84 0.84 0.84 0.84 0.84 0.82 0.79 0.77 0.74 0.74
0.08 0.14 0.23 0.32 0.39 0.45 0.51 0.56 0.62 0.67 0.73 0.78 0.80 0.82 0.83 0.84 0.84 0.84 0.82 0.79 0.77 0.75 0.74
0.06 0.12 0.21 0.30 0.36 0.42 0.47 0.53 0.58 0.64 0.69 0.75 0.78 0.79 0.81 0.82 0.83 0.83 0.81 0.79 0.77 0.76 0.76
0.05 0.10 0.19 0.28 0.33 0.38 0.44 0.50 0.56 0.61 0.67 0.73 0.76 0.78 0.79 0.80 0.81 0.82 0.81 0.79 0.77 0.77 0.77
0.04 0.10 0.18 0.27 0.31 0.37 0.43 0.49 0.54 0.60 0.65 0.71 0.73 0.75 0.76 0.77 0.78 0.79 0.79 0.79 0.79 0.79 0.79
-0.01 0.05 0.13 0.22 0.26 0.31 0.37 0.44 0.51 0.57 0.64 0.68 0.70 0.71 0.73 0.74 0.75 0.77 0.79 0.80 0.81 0.81 0.81
-0.09 0.02 0.10 0.19 0.23 0.27 0.32 0.38 0.45 0.52 0.59 0.63 0.67 0.70 0.73 0.75 0.77 0.78 0.80 0.81 0.82 0.83 0.84
-0.13 -0.01 0.11 0.20 0.24 0.28 0.32 0.35 0.42 0.49 0.56 0.62 0.66 0.70 0.74 0.76 0.78 0.80 0.82 0.83 0.84 0.85 0.86
-0.17 -0.05 0.09 0.21 0.25 0.29 0.33 0.37 0.42 0.48 0.56 0.62 0.66 0.70 0.74 0.77 0.79 0.81 0.84 0.85 0.86 0.87 0.88
-0.19 -0.08 0.05 0.20 0.27 0.31 0.35 0.40 0.44 0.50 0.56 0.62 0.66 0.70 0.74 0.77 0.79 0.82 0.85 0.87 0.88 0.89 0.90
-0.20 -0.11 0.02 0.17 0.25 0.34 0.38 0.43 0.47 0.52 0.57 0.63 0.67 0.70 0.74 0.77 0.80 0.82 0.86 0.89 0.90 0.91 0.91
-0.22 -0.12 -0.00 0.14 0.23 0.31 0.40 0.46 0.50 0.55 0.59 0.63 0.67 0.71 0.75 0.78 0.80 0.82 0.86 0.89 0.91 0.93 0.93
-0.24 -0.13 -0.02 0.12 0.20 0.28 0.37 0.45 0.52 0.58 0.61 0.64 0.68 0.72 0.75 0.78 0.81 0.83 0.87 0.90 0.92 0.94 0.95
-0.25 -0.14 -0.02 0.10 0.17 0.26 0.34 0.43 0.51 0.57 0.62 0.66 0.69 0.72 0.76 0.79 0.82 0.84 0.88 0.90 0.93 0.95 0.96
-0.26 -0.14 -0.03 0.09 0.16 0.23 0.32 0.40 0.48 0.55 0.60 0.65 0.70 0.73 0.76 0.79 0.82 0.85 0.89 0.92 0.94 0.95 0.97
-0.28 -0.15 -0.03 0.09 0.15 0.22 0.29 0.37 0.44 0.51 0.57 0.63 0.68 0.73 0.77 0.80 0.83 0.86 0.90 0.93 0.95 0.96 0.98
-0.29 -0.16 -0.03 0.09 0.15 0.22 0.28 0.33 0.40 0.47 0.54 0.60 0.66 0.70 0.75 0.80 0.83 0.86 0.91 0.94 0.97 0.98 0.99
-0.30 -0.16 -0.04 0.08 0.15 0.20 0.25 0.31 0.37 0.43 0.50 0.56 0.62 0.68 0.73 0.77 0.82 0.87 0.92 0.95 0.98 1.00 1.01
LUT_ML[:,:,3] = 
0.13 0.16 0.23 0.34 0.40 0.47 0.53 0.59 0.65 0.71 0.76 0.79 0.81 0.83 0.84 0.83 0.83 0.83 0.81 0.79 0.76 0.74 0.73
0.12 0.15 0.23 0.33 0.40 0.46 0.52 0.59 0.65 0.70 0.76 0.79 0.81 0.82 0.83 0.83 0.83 0.83 0.81 0.79 0.76 0.74 0.73
0.12 0.15 0.22 0.33 0.39 0.46 0.52 0.58 0.64 0.70 0.75 0.79 0.81 0.82 0.83 0.83 0.83 0.83 0.81 0.79 0.76 0.74 0.73
0.10 0.13 0.21 0.31 0.37 0.44 0.50 0.56 0.62 0.67 0.73 0.78 0.80 0.81 0.83 0.83 0.83 0.83 0.81 0.79 0.76 0.74 0.74
0.08 0.12 0.19 0.29 0.36 0.42 0.48 0.54 0.59 0.65 0.70 0.76 0.78 0.80 0.81 0.82 0.82 0.82 0.81 0.79 0.76 0.75 0.75
0.05 0.10 0.18 0.27 0.33 0.39 0.45 0.50 0.55 0.61 0.67 0.72 0.76 0.78 0.80 0.81 0.81 0.82 0.80 0.78 0.76 0.76 0.76
0.04 0.08 0.16 0.25 0.30 0.36 0.42 0.47 0.53 0.59 0.65 0.70 0.74 0.76 0.78 0.80 0.81 0.81 0.80 0.78 0.77 0.77 0.77
0.01 0.07 0.14 0.24 0.29 0.34 0.40 0.46 0.52 0.57 0.63 0.68 0.71 0.73 0.75 0.76 0.78 0.79 0.78 0.79 0.79 0.79 0.79
-0.04 0.02 0.10 0.19 0.23 0.28 0.34 0.41 0.47 0.54 0.60 0.65 0.67 0.69 0.71 0.73 0.75 0.77 0.79 0.80 0.80 0.81 0.81
-0.12 -0.02 0.07 0.16 0.20 0.24 0.28 0.34 0.41 0.48 0.55 0.60 0.64 0.68 0.71 0.74 0.76 0.78 0.81 0.82 0.83 0.83 0.83
-0.16 -0.04 0.07 0.16 0.21 0.24 0.28 0.32 0.38 0.45 0.53 0.59 0.63 0.68 0.72 0.76 0.78 0.80 0.83 0.83 0.84 0.85 0.86
-0.19 -0.08 0.06 0.17 0.21 0.25 0.29 0.34 0.39 0.45 0.52 0.59 0.63 0.68 0.72 0.76 0.79 0.81 0.84 0.85 0.86 0.87 0.88
-0.22 -0.11 0.02 0.18 0.23 0.28 0.32 0.37 0.41 0.46 0.53 0.59 0.63 0.67 0.72 0.76 0.79 0.81 0.85 0.87 0.88 0.89 0.90
-0.24 -0.13 -0.01 0.14 0.23 0.31 0.35 0.40 0.44 0.49 0.54 0.60 0.64 0.68 0.72 0.76 0.79 0.81 0.86 0.89 0.90 0.91 0.92
-0.25 -0.14 -0.03 0.12 0.20 0.29 0.38 0.43 0.47 0.52 0.56 0.61 0.65 0.68 0.72 0.76 0.79 0.82 0.86 0.89 0.91 0.93 0.94
-0.27 -0.15 -0.04 0.09 0.17 0.26 0.35 0.43 0.50 0.55 0.59 0.61 0.65 0.69 0.73 0.76 0.80 0.82 0.86 0.90 0.92 0.94 0.95
-0.29 -0.16 -0.05 0.08 0.15 0.23 0.32 0.41 0.49 0.56 0.60 0.63 0.66 0.70 0.73 0.77 0.80 0.83 0.87 0.90 0.93 0.94 0.96
-0.30 -0.17 -0.05 0.07 0.14 0.21 0.29 0.38 0.47 0.53 0.58 0.63 0.67 0.70 0.74 0.77 0.81 0.84 0.88 0.91 0.94 0.95 0.97
-0.31 -0.18 -0.05 0.07 0.13 0.20 0.27 0.35 0.42 0.49 0.56 0.61 0.66 0.71 0.74 0.78 0.81 0.84 0.89 0.92 0.95 0.96 0.98
-0.32 -0.19 -0.06 0.06 0.13 0.19 0.26 0.32 0.38 0.45 0.52 0.58 0.64 0.69 0.73 0.78 0.82 0.85 0.90 0.94 0.97 0.98 0.99
-0.33 -0.20 -0.06 0.06 0.12 0.18 0.23 0.29 0.35 0.41 0.48 0.55 0.61 0.67 0.71 0.76 0.81 0.86 0.91 0.95 0.98 1.00 1.01
LUT_ML[:,:,4] = 
0.19 0.21 0.25 0.32 0.37 0.41 0.47 0.52 0.58 0.63 0.68 0.73 0.75 0.77 0.78 0.79 0.79 0.80 0.79 0.77 0.75 0.74 0.73
0.18 0.21 0.24 0.32 0.36 0.41 0.46 0.52 0.57 0.63 0.68 0.73 0.75 0.76 0.77 0.78 0.79 0.80 0.79 0.77 0.75 0.74 0.74
0.18 0.20 0.24 0.31 0.36 0.40 0.46 0.52 0.57 0.62 0.68 0.73 0.75 0.76 0.77 0.78 0.79 0.80 0.79 0.77 0.75 0.74 0.74
0.15 0.18 0.22 0.29 0.33 0.38 0.44 0.50 0.56 0.61 0.66 0.71 0.73 0.75 0.76 0.77 0.78 0.79 0.79 0.77 0.75 0.75 0.74
0.13 0.16 0.19 0.26 0.31 0.35 0.42 0.48 0.54 0.60 0.65 0.69 0.72 0.74 0.75 0.77 0.78 0.79 0.78 0.76 0.75 0.75 0.75
0.12 0.14 0.17 0.23 0.28 0.33 0.39 0.45 0.51 0.56 0.62 0.67 0.71 0.72 0.74 0.75 0.77 0.78 0.78 0.76 0.76 0.76 0.76
0.10 0.11 0.15 0.21 0.25 0.30 0.37 0.43 0.49 0.54 0.60 0.66 0.70 0.72 0.73 0.75 0.76 0.77 0.77 0.77 0.77 0.77 0.77
0.10 0.12 0.14 0.19 0.22 0.29 0.35 0.41 0.47 0.52 0.58 0.63 0.67 0.69 0.71 0.73 0.75 0.76 0.78 0.78 0.79 0.79 0.79
0.04 0.06 0.09 0.13 0.17 0.21 0.27 0.34 0.40 0.47 0.54 0.60 0.63 0.65 0.67 0.70 0.73 0.76 0.79 0.80 0.80 0.80 0.81
-0.03 0.01 0.03 0.08 0.13 0.16 0.20 0.27 0.34 0.41 0.47 0.54 0.58 0.62 0.67 0.71 0.74 0.77 0.81 0.82 0.83 0.83 0.83
-0.10 -0.02 0.02 0.09 0.13 0.17 0.21 0.25 0.31 0.39 0.47 0.54 0.58 0.62 0.67 0.71 0.75 0.78 0.83 0.84 0.85 0.85 0.86
-0.15 -0.06 0.00 0.09 0.14 0.19 0.23 0.28 0.33 0.39 0.46 0.53 0.58 0.62 0.66 0.71 0.75 0.78 0.84 0.86 0.87 0.88 0.88
-0.19 -0.11 -0.03 0.10 0.16 0.21 0.26 0.31 0.35 0.40 0.47 0.54 0.58 0.62 0.66 0.70 0.74 0.78 0.84 0.87 0.89 0.90 0.90
-0.22 -0.15 -0.06 0.10 0.18 0.24 0.29 0.34 0.38 0.42 0.48 0.55 0.59 0.62 0.66 0.70 0.74 0.78 0.84 0.88 0.90 0.92 0.92
-0.25 -0.17 -0.08 0.07 0.16 0.25 0.32 0.37 0.41 0.45 0.50 0.55 0.59 0.63 0.67 0.71 0.74 0.78 0.84 0.88 0.91 0.93 0.94
-0.28 -0.20 -0.09 0.05 0.13 0.22 0.31 0.39 0.44 0.48 0.53 0.56 0.60 0.64 0.68 0.71 0.75 0.78 0.85 0.89 0.91 0.93 0.95
-0.31 -0.22 -0.09 0.03 0.10 0.19 0.28 0.36 0.45 0.51 0.55 0.58 0.61 0.64 0.68 0.72 0.75 0.79 0.86 0.89 0.92 0.94 0.96
-0.34 -0.23 -0.10 0.03 0.09 0.16 0.25 0.34 0.42 0.50 0.55 0.59 0.62 0.65 0.69 0.72 0.76 0.79 0.86 0.90 0.93 0.95 0.97
-0.36 -0.24 -0.10 0.02 0.09 0.15 0.23 0.31 0.38 0.46 0.52 0.58 0.63 0.66 0.69 0.73 0.76 0.80 0.87 0.91 0.94 0.96 0.98
-0.38 -0.25 -0.10 0.02 0.08 0.15 0.22 0.28 0.34 0.41 0.48 0.55 0.61 0.66 0.70 0.73 0.77 0.80 0.87 0.93 0.96 0.98 0.99
-0.40 -0.26 -0.11 0.02 0.08 0.14 0.19 0.25 0.31 0.37 0.44 0.51 0.57 0.63 0.68 0.73 0.77 0.81 0.88 0.94 0.97 0.99 1.00
LUT_ML[:,:,5] = 
0.24 0.27 0.29 0.35 0.39 0.42 0.46 0.50 0.55 0.59 0.63 0.67 0.69 0.71 0.72 0.74 0.74 0.75 0.76 0.75 0.74 0.74 0.74
0.23 0.27 0.29 0.35 0.38 0.42 0.46 0.50 0.54 0.59 0.63 0.67 0.69 0.71 0.72 0.73 0.74 0.75 0.75 0.75 0.74 0.74 0.74
0.23 0.26 0.29 0.34 0.38 0.42 0.46 0.50 0.54 0.58 0.63 0.66 0.69 0.70 0.72 0.73 0.74 0.74 0.75 0.75 0.74 0.74 0.74
0.20 0.24 0.27 0.33 0.37 0.41 0.44 0.48 0.53 0.57 0.61 0.65 0.68 0.70 0.71 0.72 0.73 0.74 0.74 0.74 0.74 0.75 0.75
0.18 0.22 0.25 0.31 0.35 0.39 0.43 0.47 0.51 0.55 0.59 0.63 0.67 0.68 0.69 0.71 0.72 0.73 0.73 0.73 0.74 0.75 0.75
0.16 0.20 0.22 0.28 0.32 0.37 0.41 0.45 0.49 0.53 0.56 0.60 0.64 0.66 0.68 0.69 0.71 0.72 0.73 0.74 0.75 0.76 0.76
0.15 0.18 0.20 0.26 0.30 0.35 0.39 0.44 0.48 0.52 0.56 0.59 0.64 0.66 0.67 0.69 0.70 0.71 0.73 0.75 0.76 0.77 0.77
0.15 0.19 0.21 0.26 0.29 0.33 0.37 0.41 0.46 0.50 0.54 0.59 0.63 0.65 0.66 0.68 0.69 0.71 0.74 0.77 0.78 0.79 0.79
0.11 0.16 0.17 0.21 0.23 0.25 0.29 0.33 0.38 0.43 0.48 0.55 0.59 0.62 0.65 0.68 0.70 0.73 0.76 0.78 0.80 0.80 0.80
0.04 0.10 0.12 0.16 0.18 0.19 0.21 0.25 0.30 0.35 0.42 0.49 0.54 0.58 0.63 0.67 0.71 0.74 0.78 0.80 0.82 0.83 0.83
-0.01 0.07 0.11 0.15 0.17 0.18 0.20 0.22 0.27 0.33 0.40 0.48 0.53 0.58 0.62 0.66 0.71 0.75 0.80 0.83 0.85 0.85 0.85
-0.06 0.04 0.10 0.14 0.17 0.19 0.22 0.24 0.27 0.34 0.40 0.47 0.53 0.57 0.61 0.66 0.70 0.74 0.81 0.85 0.87 0.88 0.88
-0.09 -0.01 0.10 0.15 0.18 0.21 0.23 0.26 0.29 0.35 0.41 0.48 0.53 0.57 0.61 0.65 0.69 0.73 0.80 0.85 0.89 0.90 0.90
-0.13 -0.05 0.05 0.15 0.19 0.22 0.25 0.28 0.32 0.36 0.42 0.49 0.53 0.57 0.61 0.65 0.69 0.73 0.80 0.86 0.90 0.92 0.93
-0.16 -0.08 0.02 0.12 0.18 0.23 0.26 0.30 0.35 0.39 0.44 0.50 0.54 0.58 0.62 0.66 0.69 0.73 0.80 0.86 0.90 0.93 0.95
-0.19 -0.10 -0.01 0.08 0.14 0.20 0.27 0.33 0.38 0.42 0.47 0.51 0.55 0.59 0.62 0.66 0.70 0.73 0.80 0.86 0.90 0.94 0.96
-0.21 -0.13 -0.04 0.05 0.09 0.15 0.24 0.32 0.41 0.46 0.49 0.52 0.55 0.59 0.63 0.66 0.70 0.74 0.81 0.86 0.91 0.94 0.96
-0.24 -0.16 -0.06 0.03 0.07 0.12 0.21 0.29 0.38 0.47 0.51 0.54 0.57 0.60 0.63 0.67 0.70 0.74 0.81 0.87 0.92 0.94 0.97
-0.27 -0.18 -0.09 0.01 0.05 0.11 0.19 0.26 0.35 0.42 0.49 0.55 0.58 0.61 0.64 0.67 0.71 0.75 0.82 0.88 0.93 0.96 0.97
-0.29 -0.21 -0.11 -0.01 0.04 0.10 0.17 0.24 0.30 0.38 0.45 0.52 0.58 0.62 0.65 0.68 0.71 0.75 0.82 0.89 0.94 0.97 0.97
-0.32 -0.23 -0.13 -0.03 0.04 0.10 0.15 0.21 0.27 0.34 0.41 0.48 0.54 0.60 0.65 0.69 0.72 0.75 0.83 0.90 0.94 0.97 0.98
LUT_ML[:,:,6] = 
0.26 0.30 0.33 0.36 0.39 0.43 0.46 0.50 0.54 0.58 0.63 0.65 0.67 0.68 0.69 0.70 0.70 0.70 0.69 0.70 0.71 0.72 0.74
0.25 0.29 0.33 0.36 0.39 0.42 0.46 0.50 0.54 0.58 0.62 0.65 0.67 0.68 0.69 0.69 0.70 0.70 0.69 0.70 0.71 0.72 0.74
0.25 0.29 0.32 0.35 0.39 0.42 0.46 0.49 0.53 0.58 0.62 0.65 0.67 0.68 0.69 0.69 0.69 0.69 0.69 0.70 0.71 0.72 0.74
0.24 0.28 0.31 0.34 0.37 0.41 0.45 0.48 0.52 0.56 0.61 0.65 0.66 0.67 0.68 0.68 0.68 0.68 0.69 0.70 0.71 0.71 0.73
0.23 0.27 0.31 0.33 0.36 0.40 0.44 0.47 0.51 0.55 0.59 0.63 0.65 0.66 0.66 0.67 0.67 0.67 0.68 0.69 0.70 0.71 0.74
0.22 0.26 0.30 0.32 0.35 0.39 0.42 0.46 0.49 0.53 0.57 0.60 0.63 0.64 0.64 0.65 0.66 0.67 0.69 0.70 0.71 0.72 0.74
0.21 0.25 0.29 0.32 0.35 0.39 0.43 0.46 0.50 0.53 0.57 0.60 0.62 0.63 0.64 0.64 0.66 0.67 0.69 0.70 0.71 0.73 0.75
0.25 0.28 0.32 0.36 0.38 0.42 0.45 0.48 0.51 0.54 0.57 0.60 0.61 0.62 0.64 0.65 0.67 0.68 0.70 0.71 0.72 0.74 0.76
0.23 0.28 0.34 0.38 0.40 0.41 0.45 0.48 0.52 0.54 0.58 0.60 0.61 0.63 0.65 0.66 0.68 0.70 0.71 0.72 0.73 0.75 0.77
0.18 0.23 0.29 0.33 0.35 0.36 0.38 0.42 0.46 0.52 0.56 0.58 0.60 0.62 0.64 0.67 0.69 0.70 0.72 0.73 0.75 0.77 0.79
0.16 0.21 0.26 0.32 0.34 0.36 0.38 0.41 0.45 0.50 0.54 0.57 0.60 0.62 0.65 0.67 0.69 0.71 0.73 0.75 0.77 0.79 0.81
0.15 0.20 0.26 0.33 0.35 0.37 0.39 0.42 0.45 0.49 0.53 0.56 0.58 0.61 0.64 0.67 0.69 0.71 0.74 0.75 0.78 0.81 0.83
0.11 0.20 0.27 0.34 0.37 0.39 0.41 0.44 0.46 0.49 0.53 0.56 0.58 0.60 0.63 0.66 0.68 0.70 0.74 0.76 0.80 0.83 0.86
0.07 0.17 0.26 0.36 0.39 0.41 0.43 0.45 0.48 0.50 0.54 0.56 0.58 0.60 0.62 0.64 0.67 0.69 0.74 0.78 0.81 0.84 0.88
0.04 0.14 0.24 0.35 0.40 0.43 0.45 0.47 0.49 0.52 0.54 0.56 0.57 0.59 0.62 0.64 0.66 0.68 0.72 0.78 0.82 0.86 0.89
0.01 0.11 0.21 0.33 0.40 0.44 0.47 0.49 0.51 0.53 0.54 0.55 0.57 0.59 0.61 0.63 0.65 0.67 0.72 0.78 0.83 0.86 0.90
-0.01 0.07 0.18 0.30 0.37 0.42 0.47 0.51 0.53 0.54 0.55 0.56 0.57 0.59 0.61 0.63 0.64 0.66 0.72 0.78 0.83 0.86 0.89
-0.04 0.04 0.14 0.27 0.33 0.39 0.44 0.50 0.53 0.55 0.56 0.57 0.58 0.59 0.61 0.62 0.64 0.66 0.72 0.79 0.84 0.86 0.89
-0.07 0.02 0.11 0.23 0.30 0.36 0.40 0.45 0.49 0.54 0.56 0.57 0.58 0.59 0.60 0.62 0.63 0.65 0.72 0.78 0.83 0.87 0.89
-0.10 -0.01 0.09 0.20 0.26 0.32 0.36 0.40 0.44 0.49 0.54 0.58 0.59 0.60 0.60 0.61 0.63 0.65 0.71 0.77 0.82 0.87 0.89
-0.13 -0.03 0.06 0.16 0.22 0.27 0.31 0.35 0.40 0.44 0.48 0.53 0.58 0.60 0.61 0.61 0.62 0.65 0.70 0.76 0.82 0.86 0.90
LUT_ML[:,:,7] = 
0.31 0.31 0.32 0.38 0.40 0.44 0.47 0.51 0.54 0.58 0.61 0.63 0.64 0.65 0.66 0.67 0.68 0.69 0.70 0.71 0.72 0.73 0.74
0.31 0.31 0.31 0.37 0.40 0.43 0.47 0.51 0.54 0.58 0.61 0.62 0.64 0.65 0.66 0.67 0.68 0.69 0.70 0.71 0.72 0.73 0.74
0.31 0.31 0.31 0.37 0.40 0.43 0.47 0.50 0.54 0.57 0.61 0.62 0.64 0.65 0.66 0.67 0.68 0.69 0.70 0.71 0.72 0.73 0.74
0.30 0.29 0.30 0.35 0.38 0.42 0.46 0.49 0.53 0.56 0.60 0.62 0.64 0.65 0.66 0.67 0.68 0.69 0.70 0.71 0.72 0.73 0.74
0.29 0.28 0.29 0.34 0.37 0.41 0.45 0.48 0.51 0.55 0.59 0.62 0.63 0.64 0.65 0.66 0.67 0.68 0.70 0.71 0.72 0.73 0.74
0.28 0.27 0.27 0.32 0.36 0.40 0.43 0.47 0.50 0.54 0.57 0.61 0.62 0.63 0.65 0.66 0.68 0.69 0.70 0.71 0.72 0.73 0.74
0.27 0.26 0.27 0.32 0.36 0.40 0.44 0.48 0.51 0.54 0.58 0.60 0.62 0.64 0.65 0.67 0.68 0.69 0.71 0.72 0.73 0.74 0.75
0.31 0.30 0.33 0.37 0.39 0.43 0.46 0.50 0.53 0.57 0.61 0.62 0.63 0.65 0.66 0.68 0.69 0.71 0.71 0.72 0.73 0.74 0.75
0.33 0.35 0.39 0.42 0.45 0.47 0.49 0.53 0.56 0.60 0.62 0.63 0.64 0.66 0.67 0.69 0.71 0.72 0.73 0.73 0.74 0.75 0.76
0.30 0.34 0.39 0.45 0.48 0.50 0.52 0.55 0.58 0.62 0.63 0.65 0.66 0.67 0.69 0.70 0.72 0.73 0.74 0.75 0.76 0.77 0.78
0.31 0.35 0.40 0.46 0.50 0.54 0.56 0.58 0.61 0.64 0.65 0.66 0.67 0.69 0.70 0.72 0.74 0.75 0.76 0.77 0.78 0.79 0.80
0.32 0.36 0.41 0.47 0.51 0.55 0.58 0.60 0.63 0.65 0.67 0.68 0.69 0.70 0.71 0.73 0.74 0.76 0.77 0.78 0.79 0.80 0.81
0.33 0.37 0.41 0.48 0.52 0.56 0.59 0.61 0.63 0.66 0.67 0.69 0.70 0.72 0.73 0.74 0.75 0.76 0.78 0.79 0.80 0.82 0.82
0.30 0.38 0.43 0.49 0.53 0.57 0.61 0.63 0.65 0.66 0.68 0.69 0.71 0.73 0.74 0.76 0.76 0.77 0.79 0.80 0.81 0.82 0.82
0.26 0.36 0.45 0.50 0.54 0.58 0.63 0.65 0.66 0.67 0.68 0.70 0.71 0.73 0.75 0.76 0.77 0.79 0.80 0.81 0.81 0.82 0.82
0.23 0.33 0.44 0.52 0.56 0.60 0.63 0.65 0.66 0.67 0.68 0.70 0.71 0.73 0.75 0.76 0.77 0.79 0.81 0.81 0.81 0.81 0.82
0.19 0.29 0.40 0.52 0.58 0.61 0.63 0.66 0.67 0.68 0.69 0.70 0.71 0.73 0.75 0.76 0.78 0.79 0.80 0.82 0.81 0.81 0.82
0.15 0.26 0.37 0.48 0.54 0.60 0.64 0.66 0.67 0.69 0.70 0.71 0.72 0.73 0.75 0.76 0.77 0.78 0.79 0.80 0.82 0.82 0.81
0.11 0.21 0.32 0.43 0.49 0.55 0.61 0.67 0.68 0.69 0.70 0.71 0.72 0.73 0.74 0.75 0.75 0.76 0.77 0.79 0.81 0.82 0.82
0.07 0.16 0.27 0.38 0.44 0.50 0.56 0.62 0.68 0.70 0.71 0.72 0.72 0.72 0.72 0.73 0.74 0.75 0.76 0.77 0.79 0.81 0.82
0.03 0.12 0.23 0.34 0.39 0.45 0.51 0.57 0.63 0.67 0.71 0.71 0.71 0.71 0.71 0.71 0.72 0.73 0.74 0.76 0.78 0.80 0.81
LUT_ML[:,:,8] = 
0.40 0.39 0.39 0.42 0.44 0.46 0.49 0.52 0.56 0.58 0.59 0.60 0.62 0.64 0.65 0.67 0.69 0.70 0.73 0.74 0.74 0.75 0.76
0.39 0.38 0.39 0.42 0.44 0.46 0.48 0.52 0.55 0.58 0.59 0.61 0.62 0.64 0.65 0.67 0.69 0.70 0.73 0.74 0.74 0.75 0.76
0.39 0.38 0.39 0.41 0.43 0.45 0.48 0.51 0.55 0.58 0.59 0.61 0.62 0.64 0.66 0.67 0.69 0.71 0.73 0.73 0.74 0.75 0.76
0.39 0.37 0.37 0.39 0.41 0.43 0.46 0.50 0.54 0.58 0.60 0.62 0.63 0.65 0.66 0.68 0.69 0.71 0.72 0.73 0.74 0.75 0.76
0.38 0.37 0.35 0.37 0.39 0.41 0.44 0.48 0.53 0.58 0.61 0.63 0.64 0.66 0.67 0.68 0.70 0.71 0.72 0.73 0.74 0.75 0.76
0.37 0.36 0.35 0.34 0.36 0.39 0.42 0.47 0.53 0.58 0.62 0.63 0.65 0.67 0.68 0.69 0.70 0.71 0.73 0.74 0.74 0.75 0.76
0.36 0.35 0.35 0.34 0.36 0.39 0.43 0.49 0.56 0.60 0.63 0.65 0.66 0.68 0.69 0.70 0.71 0.72 0.73 0.74 0.75 0.76 0.77
0.41 0.40 0.39 0.39 0.40 0.43 0.48 0.54 0.61 0.65 0.67 0.68 0.69 0.70 0.71 0.72 0.72 0.73 0.74 0.75 0.76 0.77 0.78
0.43 0.44 0.45 0.46 0.47 0.49 0.54 0.60 0.65 0.68 0.69 0.70 0.71 0.72 0.73 0.73 0.74 0.75 0.76 0.76 0.77 0.78 0.78
0.46 0.47 0.48 0.51 0.53 0.55 0.59 0.65 0.69 0.70 0.71 0.72 0.73 0.74 0.75 0.76 0.76 0.76 0.77 0.78 0.78 0.79 0.79
0.48 0.50 0.51 0.54 0.56 0.59 0.62 0.67 0.70 0.73 0.74 0.75 0.75 0.76 0.77 0.78 0.78 0.78 0.79 0.79 0.79 0.79 0.80
0.51 0.53 0.54 0.57 0.60 0.63 0.66 0.69 0.72 0.75 0.76 0.77 0.78 0.79 0.80 0.80 0.81 0.80 0.80 0.80 0.80 0.80 0.81
0.53 0.55 0.57 0.60 0.63 0.66 0.69 0.71 0.74 0.76 0.79 0.80 0.80 0.81 0.82 0.83 0.83 0.83 0.81 0.81 0.81 0.81 0.81
0.55 0.57 0.59 0.62 0.65 0.68 0.71 0.74 0.76 0.78 0.81 0.82 0.83 0.84 0.84 0.85 0.85 0.84 0.82 0.82 0.82 0.82 0.82
0.55 0.58 0.60 0.64 0.67 0.69 0.73 0.76 0.78 0.80 0.83 0.84 0.85 0.86 0.86 0.86 0.85 0.85 0.84 0.82 0.82 0.82 0.82
0.51 0.60 0.63 0.66 0.69 0.71 0.73 0.76 0.79 0.82 0.84 0.86 0.86 0.86 0.87 0.86 0.86 0.86 0.85 0.83 0.82 0.82 0.82
0.46 0.56 0.65 0.68 0.70 0.72 0.75 0.77 0.80 0.82 0.84 0.86 0.86 0.87 0.87 0.87 0.86 0.86 0.86 0.84 0.83 0.82 0.82
0.41 0.51 0.63 0.70 0.71 0.74 0.76 0.78 0.79 0.81 0.83 0.85 0.86 0.86 0.87 0.87 0.86 0.86 0.86 0.85 0.84 0.83 0.83
0.36 0.47 0.58 0.69 0.73 0.74 0.76 0.78 0.79 0.81 0.82 0.84 0.85 0.85 0.86 0.86 0.86 0.86 0.86 0.85 0.85 0.84 0.84
0.31 0.42 0.53 0.64 0.69 0.73 0.76 0.77 0.79 0.80 0.82 0.83 0.85 0.85 0.84 0.85 0.85 0.85 0.85 0.85 0.85 0.84 0.84
0.26 0.37 0.47 0.57 0.63 0.68 0.72 0.76 0.78 0.80 0.82 0.83 0.85 0.84 0.84 0.83 0.84 0.84 0.84 0.84 0.85 0.84 0.84
LUT_ML[:,:,9] = 
0.45 0.44 0.44 0.47 0.49 0.51 0.53 0.56 0.59 0.61 0.63 0.63 0.64 0.65 0.66 0.68 0.69 0.71 0.74 0.75 0.76 0.77 0.78
0.45 0.44 0.44 0.47 0.49 0.51 0.53 0.55 0.59 0.61 0.63 0.63 0.64 0.65 0.66 0.68 0.69 0.71 0.74 0.75 0.76 0.77 0.78
0.45 0.44 0.44 0.46 0.48 0.50 0.52 0.55 0.59 0.61 0.63 0.64 0.64 0.65 0.67 0.68 0.70 0.71 0.74 0.75 0.76 0.77 0.77
0.44 0.43 0.42 0.44 0.46 0.48 0.50 0.54 0.59 0.62 0.64 0.65 0.66 0.67 0.68 0.69 0.70 0.71 0.74 0.75 0.76 0.76 0.77
0.43 0.42 0.41 0.42 0.44 0.46 0.49 0.53 0.58 0.62 0.65 0.66 0.67 0.68 0.68 0.70 0.71 0.72 0.74 0.75 0.76 0.77 0.77
0.43 0.42 0.40 0.40 0.42 0.45 0.48 0.52 0.58 0.63 0.65 0.66 0.68 0.69 0.70 0.71 0.72 0.73 0.74 0.75 0.76 0.77 0.77
0.42 0.42 0.41 0.41 0.43 0.47 0.50 0.54 0.60 0.64 0.66 0.68 0.70 0.71 0.72 0.73 0.74 0.74 0.75 0.76 0.77 0.77 0.77
0.47 0.47 0.47 0.48 0.49 0.52 0.55 0.58 0.64 0.66 0.69 0.71 0.73 0.74 0.75 0.75 0.75 0.76 0.76 0.77 0.77 0.77 0.77
0.51 0.52 0.54 0.55 0.56 0.57 0.60 0.64 0.66 0.68 0.71 0.74 0.75 0.76 0.77 0.77 0.77 0.78 0.78 0.78 0.78 0.77 0.78
0.52 0.53 0.55 0.59 0.60 0.62 0.64 0.66 0.69 0.71 0.74 0.76 0.77 0.78 0.79 0.79 0.80 0.79 0.79 0.78 0.78 0.78 0.78
0.53 0.54 0.56 0.60 0.62 0.64 0.65 0.67 0.70 0.73 0.76 0.79 0.80 0.81 0.82 0.82 0.82 0.81 0.80 0.79 0.79 0.79 0.79
0.56 0.57 0.59 0.62 0.64 0.66 0.67 0.68 0.71 0.75 0.78 0.81 0.83 0.84 0.84 0.84 0.83 0.82 0.81 0.80 0.80 0.80 0.80
0.59 0.60 0.62 0.63 0.65 0.67 0.69 0.70 0.73 0.76 0.80 0.83 0.85 0.86 0.86 0.86 0.85 0.84 0.82 0.81 0.81 0.81 0.81
0.62 0.64 0.64 0.66 0.67 0.69 0.71 0.73 0.75 0.78 0.80 0.83 0.85 0.86 0.87 0.87 0.86 0.86 0.84 0.82 0.82 0.82 0.82
0.65 0.66 0.67 0.69 0.70 0.71 0.73 0.75 0.77 0.79 0.80 0.83 0.85 0.87 0.87 0.87 0.87 0.86 0.85 0.83 0.82 0.82 0.83
0.66 0.68 0.69 0.71 0.72 0.73 0.74 0.76 0.77 0.79 0.81 0.83 0.85 0.87 0.88 0.88 0.87 0.87 0.86 0.85 0.83 0.82 0.83
0.64 0.69 0.71 0.72 0.72 0.74 0.75 0.77 0.78 0.80 0.82 0.83 0.85 0.87 0.89 0.88 0.88 0.88 0.87 0.86 0.84 0.83 0.83
0.60 0.69 0.72 0.72 0.73 0.75 0.76 0.78 0.79 0.81 0.82 0.84 0.86 0.88 0.89 0.89 0.88 0.88 0.87 0.87 0.86 0.84 0.83
0.55 0.65 0.71 0.73 0.74 0.75 0.77 0.78 0.80 0.82 0.83 0.85 0.86 0.87 0.89 0.89 0.89 0.89 0.88 0.87 0.86 0.85 0.84
0.49 0.58 0.67 0.73 0.75 0.76 0.77 0.79 0.80 0.82 0.83 0.85 0.86 0.87 0.88 0.89 0.89 0.88 0.88 0.88 0.87 0.86 0.85
0.42 0.51 0.60 0.69 0.72 0.76 0.77 0.78 0.80 0.82 0.83 0.85 0.86 0.87 0.88 0.89 0.89 0.88 0.88 0.88 0.87 0.87 0.86
LUT_ML[:,:,10] = 
0.50 0.50 0.49 0.52 0.54 0.57 0.59 0.60 0.62 0.63 0.65 0.66 0.68 0.69 0.70 0.70 0.71 0.72 0.74 0.76 0.77 0.77 0.77
0.50 0.50 0.49 0.52 0.54 0.57 0.59 0.61 0.62 0.64 0.65 0.67 0.68 0.70 0.70 0.70 0.71 0.72 0.74 0.76 0.77 0.77 0.77
0.50 0.49 0.49 0.51 0.53 0.56 0.59 0.61 0.62 0.64 0.65 0.67 0.69 0.70 0.70 0.70 0.71 0.72 0.74 0.76 0.76 0.76 0.77
0.50 0.49 0.48 0.50 0.52 0.55 0.59 0.61 0.63 0.65 0.67 0.68 0.70 0.71 0.71 0.71 0.72 0.73 0.75 0.76 0.76 0.76 0.76
0.49 0.48 0.47 0.48 0.51 0.54 0.58 0.61 0.63 0.66 0.68 0.69 0.70 0.72 0.72 0.72 0.72 0.74 0.76 0.76 0.76 0.76 0.76
0.48 0.47 0.47 0.48 0.50 0.53 0.57 0.60 0.64 0.66 0.68 0.70 0.71 0.73 0.73 0.73 0.74 0.75 0.76 0.76 0.76 0.76 0.76
0.48 0.49 0.49 0.50 0.53 0.56 0.59 0.62 0.65 0.67 0.70 0.71 0.73 0.74 0.75 0.75 0.76 0.77 0.77 0.76 0.76 0.76 0.77
0.53 0.55 0.56 0.57 0.58 0.61 0.63 0.65 0.67 0.69 0.72 0.74 0.76 0.77 0.78 0.78 0.78 0.78 0.78 0.77 0.77 0.77 0.77
0.56 0.58 0.61 0.63 0.64 0.65 0.66 0.68 0.70 0.72 0.74 0.76 0.78 0.79 0.80 0.80 0.80 0.79 0.78 0.78 0.77 0.77 0.77
0.57 0.58 0.60 0.63 0.64 0.66 0.68 0.70 0.73 0.74 0.76 0.78 0.79 0.80 0.81 0.81 0.81 0.80 0.79 0.78 0.78 0.78 0.78
0.58 0.59 0.60 0.63 0.65 0.67 0.70 0.71 0.74 0.76 0.77 0.78 0.80 0.81 0.82 0.83 0.83 0.82 0.80 0.79 0.79 0.79 0.79
0.61 0.62 0.63 0.65 0.67 0.69 0.71 0.72 0.74 0.75 0.77 0.79 0.81 0.82 0.84 0.85 0.84 0.83 0.82 0.80 0.80 0.80 0.80
0.64 0.65 0.66 0.68 0.69 0.71 0.72 0.73 0.73 0.75 0.76 0.78 0.81 0.84 0.85 0.87 0.86 0.86 0.83 0.82 0.81 0.81 0.81
0.67 0.68 0.69 0.70 0.71 0.71 0.72 0.73 0.73 0.74 0.75 0.78 0.81 0.84 0.86 0.88 0.88 0.87 0.86 0.83 0.82 0.82 0.82
0.70 0.71 0.71 0.71 0.72 0.72 0.72 0.73 0.73 0.74 0.75 0.78 0.81 0.84 0.86 0.88 0.88 0.88 0.87 0.86 0.83 0.83 0.83
0.73 0.73 0.73 0.72 0.73 0.73 0.73 0.74 0.74 0.74 0.76 0.78 0.81 0.84 0.86 0.88 0.89 0.88 0.88 0.87 0.85 0.83 0.83
0.75 0.74 0.73 0.73 0.73 0.73 0.74 0.74 0.74 0.75 0.76 0.78 0.80 0.83 0.86 0.87 0.89 0.89 0.88 0.87 0.86 0.84 0.83
0.72 0.74 0.74 0.73 0.73 0.74 0.74 0.75 0.75 0.76 0.77 0.78 0.80 0.83 0.85 0.87 0.89 0.89 0.89 0.88 0.87 0.86 0.84
0.68 0.73 0.74 0.74 0.74 0.74 0.75 0.75 0.76 0.77 0.79 0.80 0.81 0.83 0.85 0.87 0.89 0.90 0.89 0.88 0.88 0.87 0.85
0.63 0.69 0.74 0.75 0.75 0.75 0.75 0.76 0.78 0.79 0.80 0.81 0.82 0.83 0.84 0.87 0.89 0.90 0.90 0.89 0.88 0.87 0.86
0.57 0.65 0.71 0.75 0.75 0.76 0.76 0.77 0.79 0.80 0.81 0.83 0.84 0.84 0.85 0.86 0.88 0.90 0.90 0.89 0.89 0.88 0.87
LUT_ML[:,:,11] = 
0.52 0.53 0.55 0.58 0.60 0.61 0.62 0.64 0.65 0.66 0.67 0.69 0.70 0.72 0.73 0.75 0.75 0.75 0.75 0.75 0.76 0.76 0.76
0.52 0.53 0.55 0.58 0.60 0.61 0.62 0.64 0.65 0.66 0.68 0.69 0.71 0.72 0.74 0.75 0.75 0.75 0.75 0.75 0.76 0.76 0.76
0.52 0.53 0.55 0.58 0.60 0.61 0.63 0.64 0.65 0.66 0.68 0.69 0.71 0.72 0.74 0.75 0.75 0.75 0.75 0.75 0.76 0.76 0.76
0.51 0.54 0.55 0.57 0.60 0.62 0.63 0.65 0.66 0.67 0.69 0.70 0.72 0.73 0.74 0.75 0.76 0.75 0.75 0.75 0.76 0.76 0.76
0.51 0.54 0.55 0.57 0.59 0.62 0.64 0.65 0.67 0.68 0.70 0.71 0.72 0.74 0.75 0.76 0.76 0.76 0.76 0.75 0.76 0.76 0.76
0.52 0.54 0.55 0.57 0.59 0.62 0.64 0.66 0.68 0.69 0.70 0.72 0.73 0.74 0.76 0.77 0.77 0.77 0.76 0.76 0.76 0.76 0.76
0.52 0.55 0.58 0.59 0.62 0.64 0.65 0.67 0.69 0.70 0.72 0.73 0.74 0.76 0.77 0.77 0.78 0.78 0.77 0.77 0.76 0.76 0.76
0.57 0.59 0.62 0.64 0.65 0.67 0.68 0.69 0.71 0.72 0.74 0.75 0.77 0.77 0.78 0.79 0.80 0.80 0.78 0.77 0.77 0.77 0.77
0.59 0.61 0.65 0.67 0.68 0.69 0.70 0.72 0.73 0.74 0.76 0.77 0.78 0.79 0.80 0.80 0.81 0.81 0.79 0.78 0.77 0.77 0.77
0.60 0.62 0.64 0.67 0.68 0.70 0.71 0.73 0.74 0.76 0.77 0.78 0.79 0.80 0.80 0.81 0.81 0.82 0.80 0.79 0.78 0.78 0.78
0.61 0.63 0.65 0.67 0.68 0.69 0.70 0.73 0.74 0.76 0.77 0.78 0.79 0.80 0.81 0.82 0.82 0.82 0.81 0.80 0.79 0.79 0.79
0.65 0.66 0.67 0.67 0.68 0.70 0.71 0.72 0.73 0.75 0.76 0.78 0.80 0.81 0.82 0.83 0.83 0.84 0.83 0.81 0.80 0.80 0.80
0.68 0.69 0.69 0.69 0.69 0.70 0.71 0.72 0.73 0.74 0.76 0.77 0.79 0.81 0.83 0.84 0.85 0.86 0.85 0.83 0.81 0.81 0.81
0.70 0.71 0.70 0.70 0.70 0.71 0.71 0.72 0.73 0.73 0.75 0.77 0.78 0.80 0.82 0.84 0.86 0.87 0.87 0.85 0.83 0.82 0.82
0.72 0.72 0.72 0.71 0.71 0.72 0.72 0.72 0.73 0.73 0.74 0.76 0.78 0.79 0.81 0.84 0.86 0.87 0.89 0.88 0.85 0.83 0.83
0.74 0.74 0.73 0.72 0.72 0.73 0.73 0.73 0.74 0.74 0.74 0.75 0.77 0.79 0.81 0.83 0.86 0.87 0.89 0.88 0.87 0.85 0.84
0.75 0.75 0.74 0.73 0.73 0.74 0.74 0.74 0.75 0.74 0.74 0.75 0.76 0.78 0.81 0.83 0.85 0.87 0.90 0.89 0.88 0.86 0.84
0.76 0.75 0.74 0.74 0.74 0.74 0.74 0.74 0.75 0.75 0.75 0.75 0.75 0.78 0.80 0.82 0.85 0.87 0.89 0.89 0.88 0.87 0.85
0.75 0.75 0.75 0.74 0.74 0.74 0.75 0.75 0.75 0.75 0.75 0.75 0.76 0.77 0.79 0.82 0.84 0.86 0.89 0.90 0.89 0.88 0.87
0.71 0.75 0.76 0.75 0.75 0.75 0.76 0.76 0.76 0.76 0.76 0.76 0.77 0.78 0.79 0.81 0.83 0.86 0.89 0.90 0.89 0.89 0.88
0.67 0.72 0.76 0.76 0.76 0.76 0.77 0.77 0.77 0.77 0.77 0.78 0.79 0.79 0.80 0.81 0.83 0.85 0.89 0.91 0.90 0.89 0.88
LUT_ML[:,:,12] = 
0.54 0.57 0.59 0.61 0.63 0.64 0.65 0.66 0.68 0.69 0.70 0.71 0.72 0.73 0.74 0.75 0.76 0.76 0.78 0.77 0.76 0.76 0.76
0.54 0.57 0.59 0.61 0.63 0.64 0.65 0.67 0.68 0.69 0.70 0.71 0.72 0.73 0.74 0.75 0.76 0.76 0.78 0.77 0.76 0.76 0.76
0.54 0.57 0.59 0.62 0.63 0.64 0.65 0.67 0.68 0.69 0.70 0.71 0.72 0.73 0.74 0.75 0.76 0.77 0.78 0.77 0.76 0.76 0.76
0.54 0.57 0.59 0.62 0.64 0.65 0.66 0.68 0.69 0.70 0.70 0.72 0.73 0.73 0.74 0.75 0.76 0.77 0.78 0.77 0.75 0.75 0.76
0.54 0.57 0.59 0.63 0.64 0.66 0.67 0.68 0.69 0.70 0.71 0.72 0.73 0.74 0.74 0.75 0.76 0.77 0.78 0.77 0.76 0.76 0.76
0.55 0.57 0.60 0.63 0.65 0.67 0.68 0.69 0.70 0.71 0.71 0.72 0.74 0.74 0.75 0.76 0.77 0.78 0.79 0.78 0.76 0.76 0.76
0.56 0.58 0.61 0.64 0.67 0.68 0.69 0.70 0.70 0.71 0.72 0.73 0.74 0.75 0.76 0.77 0.78 0.79 0.80 0.78 0.76 0.76 0.76
0.61 0.62 0.65 0.68 0.69 0.70 0.71 0.71 0.72 0.73 0.73 0.75 0.76 0.77 0.78 0.79 0.80 0.80 0.81 0.79 0.77 0.77 0.77
0.63 0.65 0.68 0.70 0.70 0.71 0.72 0.72 0.73 0.74 0.75 0.76 0.77 0.79 0.79 0.80 0.81 0.81 0.81 0.79 0.78 0.77 0.77
0.64 0.66 0.66 0.68 0.69 0.70 0.71 0.73 0.74 0.76 0.77 0.78 0.79 0.80 0.80 0.81 0.81 0.82 0.82 0.80 0.78 0.78 0.78
0.65 0.65 0.66 0.66 0.67 0.68 0.69 0.72 0.74 0.76 0.77 0.78 0.79 0.80 0.81 0.82 0.82 0.82 0.82 0.81 0.80 0.79 0.79
0.66 0.67 0.67 0.67 0.67 0.68 0.70 0.71 0.73 0.75 0.76 0.78 0.79 0.81 0.82 0.83 0.84 0.84 0.83 0.82 0.81 0.80 0.80
0.68 0.68 0.69 0.68 0.69 0.69 0.70 0.71 0.73 0.74 0.75 0.77 0.79 0.80 0.82 0.84 0.84 0.85 0.84 0.84 0.82 0.81 0.81
0.70 0.70 0.70 0.70 0.70 0.71 0.71 0.71 0.72 0.73 0.75 0.76 0.78 0.80 0.81 0.83 0.84 0.85 0.86 0.87 0.84 0.82 0.82
0.71 0.71 0.71 0.71 0.71 0.71 0.72 0.72 0.73 0.73 0.74 0.75 0.77 0.79 0.81 0.82 0.83 0.84 0.87 0.88 0.87 0.84 0.83
0.73 0.73 0.73 0.72 0.72 0.72 0.73 0.73 0.73 0.74 0.73 0.75 0.76 0.78 0.80 0.81 0.82 0.83 0.87 0.89 0.89 0.87 0.84
0.74 0.75 0.74 0.73 0.73 0.73 0.74 0.74 0.74 0.75 0.74 0.74 0.76 0.77 0.79 0.80 0.81 0.82 0.86 0.89 0.89 0.88 0.86
0.76 0.76 0.75 0.74 0.74 0.74 0.74 0.75 0.75 0.75 0.75 0.75 0.75 0.76 0.78 0.79 0.80 0.82 0.86 0.89 0.90 0.89 0.88
0.77 0.76 0.75 0.75 0.75 0.75 0.75 0.75 0.75 0.76 0.75 0.75 0.75 0.75 0.76 0.77 0.79 0.81 0.86 0.89 0.90 0.90 0.88
0.77 0.76 0.75 0.75 0.75 0.75 0.75 0.75 0.76 0.76 0.76 0.76 0.76 0.75 0.75 0.76 0.78 0.80 0.85 0.88 0.91 0.90 0.89
0.74 0.77 0.76 0.76 0.76 0.76 0.76 0.76 0.77 0.77 0.76 0.76 0.76 0.76 0.75 0.76 0.78 0.80 0.84 0.88 0.91 0.90 0.90
LUT_ML[:,:,13] = 
0.57 0.60 0.62 0.64 0.65 0.66 0.66 0.67 0.68 0.69 0.70 0.71 0.72 0.73 0.74 0.75 0.76 0.76 0.78 0.79 0.78 0.77 0.77
0.57 0.60 0.62 0.65 0.65 0.66 0.67 0.67 0.68 0.69 0.70 0.71 0.72 0.73 0.74 0.75 0.76 0.76 0.78 0.79 0.78 0.77 0.77
0.57 0.60 0.62 0.65 0.65 0.66 0.67 0.68 0.69 0.69 0.70 0.71 0.72 0.73 0.74 0.75 0.76 0.76 0.78 0.79 0.78 0.77 0.76
0.57 0.60 0.62 0.65 0.66 0.66 0.67 0.68 0.69 0.70 0.71 0.71 0.72 0.74 0.74 0.75 0.76 0.77 0.78 0.79 0.78 0.77 0.76
0.58 0.60 0.62 0.65 0.66 0.67 0.68 0.68 0.69 0.70 0.71 0.72 0.72 0.74 0.75 0.75 0.76 0.77 0.78 0.79 0.79 0.77 0.76
0.58 0.60 0.62 0.64 0.66 0.67 0.69 0.69 0.70 0.71 0.72 0.72 0.73 0.75 0.75 0.76 0.77 0.78 0.79 0.80 0.79 0.77 0.76
0.60 0.62 0.63 0.65 0.67 0.69 0.70 0.71 0.71 0.72 0.72 0.73 0.74 0.75 0.76 0.77 0.78 0.78 0.80 0.80 0.80 0.78 0.76
0.64 0.64 0.66 0.67 0.69 0.70 0.71 0.72 0.73 0.73 0.74 0.74 0.75 0.76 0.77 0.78 0.79 0.80 0.81 0.81 0.80 0.78 0.76
0.65 0.66 0.67 0.70 0.71 0.71 0.72 0.73 0.74 0.75 0.76 0.76 0.77 0.78 0.79 0.80 0.80 0.81 0.81 0.81 0.80 0.78 0.77
0.65 0.66 0.66 0.67 0.68 0.69 0.71 0.73 0.74 0.76 0.77 0.78 0.79 0.80 0.80 0.81 0.81 0.82 0.81 0.81 0.81 0.79 0.78
0.64 0.65 0.65 0.66 0.67 0.68 0.69 0.71 0.73 0.75 0.77 0.78 0.79 0.80 0.81 0.82 0.83 0.82 0.82 0.82 0.82 0.79 0.79
0.66 0.67 0.67 0.67 0.68 0.68 0.69 0.70 0.73 0.75 0.76 0.77 0.79 0.80 0.82 0.83 0.84 0.84 0.83 0.83 0.83 0.80 0.80
0.68 0.68 0.68 0.69 0.69 0.69 0.69 0.70 0.72 0.74 0.75 0.77 0.78 0.80 0.81 0.83 0.84 0.85 0.85 0.84 0.83 0.82 0.81
0.69 0.69 0.70 0.70 0.70 0.70 0.71 0.71 0.71 0.73 0.75 0.76 0.77 0.79 0.81 0.82 0.84 0.85 0.86 0.86 0.85 0.83 0.82
0.71 0.71 0.71 0.71 0.71 0.71 0.72 0.72 0.72 0.73 0.74 0.75 0.77 0.78 0.80 0.82 0.83 0.84 0.86 0.87 0.87 0.85 0.83
0.72 0.72 0.73 0.72 0.72 0.72 0.73 0.73 0.73 0.74 0.74 0.74 0.76 0.78 0.79 0.81 0.82 0.83 0.85 0.87 0.88 0.88 0.85
0.73 0.74 0.74 0.73 0.73 0.73 0.73 0.74 0.74 0.75 0.75 0.74 0.75 0.77 0.79 0.80 0.81 0.82 0.84 0.86 0.89 0.90 0.88
0.75 0.75 0.75 0.74 0.74 0.74 0.74 0.75 0.75 0.75 0.76 0.75 0.75 0.76 0.78 0.79 0.80 0.81 0.83 0.85 0.89 0.91 0.89
0.77 0.76 0.75 0.75 0.75 0.75 0.75 0.75 0.76 0.76 0.76 0.76 0.76 0.76 0.76 0.77 0.78 0.80 0.82 0.85 0.89 0.91 0.90
0.77 0.77 0.76 0.76 0.76 0.76 0.76 0.76 0.76 0.76 0.76 0.76 0.76 0.76 0.76 0.76 0.77 0.78 0.80 0.84 0.88 0.91 0.91
0.78 0.77 0.76 0.76 0.76 0.76 0.76 0.76 0.76 0.77 0.77 0.76 0.76 0.76 0.75 0.75 0.76 0.76 0.79 0.83 0.88 0.90 0.91
LUT_ML[:,:,14] = 
0.58 0.61 0.62 0.64 0.65 0.66 0.66 0.67 0.68 0.69 0.70 0.71 0.72 0.73 0.74 0.75 0.76 0.76 0.78 0.79 0.79 0.78 0.77
0.59 0.61 0.63 0.64 0.65 0.66 0.67 0.68 0.68 0.69 0.70 0.71 0.72 0.73 0.74 0.75 0.76 0.77 0.78 0.79 0.79 0.78 0.77
0.59 0.61 0.63 0.64 0.65 0.66 0.67 0.68 0.69 0.70 0.70 0.71 0.72 0.73 0.74 0.75 0.76 0.77 0.78 0.79 0.79 0.78 0.77
0.59 0.61 0.63 0.65 0.66 0.66 0.67 0.68 0.69 0.70 0.71 0.71 0.72 0.74 0.74 0.75 0.76 0.77 0.78 0.79 0.79 0.78 0.77
0.59 0.61 0.62 0.64 0.66 0.67 0.68 0.68 0.69 0.70 0.71 0.72 0.73 0.74 0.75 0.75 0.76 0.77 0.78 0.79 0.80 0.79 0.77
0.60 0.60 0.62 0.64 0.66 0.67 0.69 0.70 0.70 0.71 0.72 0.72 0.73 0.74 0.75 0.76 0.77 0.78 0.79 0.80 0.81 0.79 0.77
0.61 0.61 0.63 0.65 0.67 0.68 0.70 0.71 0.72 0.72 0.72 0.73 0.74 0.75 0.76 0.77 0.78 0.78 0.80 0.80 0.81 0.79 0.77
0.64 0.64 0.65 0.67 0.69 0.70 0.72 0.72 0.73 0.74 0.74 0.74 0.75 0.76 0.77 0.78 0.79 0.80 0.81 0.81 0.81 0.79 0.78
0.65 0.66 0.67 0.70 0.70 0.72 0.72 0.73 0.74 0.75 0.76 0.76 0.77 0.77 0.78 0.80 0.80 0.81 0.81 0.81 0.81 0.80 0.78
0.65 0.65 0.66 0.67 0.68 0.69 0.71 0.73 0.74 0.76 0.77 0.78 0.79 0.79 0.80 0.81 0.81 0.82 0.81 0.81 0.81 0.80 0.78
0.64 0.65 0.65 0.66 0.66 0.67 0.68 0.70 0.73 0.75 0.77 0.78 0.79 0.80 0.81 0.82 0.83 0.83 0.82 0.82 0.82 0.81 0.79
0.65 0.66 0.66 0.67 0.68 0.68 0.68 0.69 0.72 0.75 0.76 0.77 0.79 0.80 0.82 0.83 0.84 0.84 0.83 0.83 0.83 0.82 0.80
0.67 0.68 0.68 0.69 0.69 0.69 0.69 0.70 0.71 0.74 0.75 0.77 0.78 0.79 0.81 0.83 0.84 0.85 0.85 0.84 0.83 0.83 0.81
0.69 0.69 0.69 0.70 0.70 0.70 0.70 0.71 0.71 0.73 0.75 0.76 0.77 0.79 0.80 0.82 0.83 0.84 0.86 0.86 0.85 0.84 0.82
0.70 0.71 0.71 0.71 0.71 0.71 0.71 0.72 0.72 0.73 0.74 0.75 0.76 0.78 0.80 0.81 0.82 0.83 0.85 0.87 0.87 0.86 0.83
0.72 0.72 0.72 0.72 0.72 0.72 0.72 0.73 0.73 0.73 0.74 0.74 0.76 0.77 0.79 0.80 0.81 0.82 0.85 0.86 0.88 0.88 0.86
0.73 0.73 0.74 0.73 0.73 0.73 0.73 0.74 0.74 0.74 0.75 0.74 0.75 0.77 0.78 0.79 0.80 0.81 0.84 0.85 0.87 0.89 0.89
0.75 0.75 0.75 0.74 0.74 0.74 0.74 0.75 0.75 0.75 0.76 0.75 0.75 0.76 0.77 0.78 0.79 0.80 0.83 0.85 0.87 0.89 0.90
0.76 0.76 0.76 0.76 0.76 0.76 0.76 0.76 0.76 0.76 0.77 0.76 0.76 0.76 0.77 0.77 0.78 0.79 0.82 0.84 0.86 0.89 0.91
0.77 0.77 0.76 0.76 0.76 0.76 0.76 0.76 0.76 0.76 0.77 0.76 0.76 0.76 0.76 0.76 0.77 0.78 0.80 0.82 0.86 0.90 0.92
0.77 0.77 0.76 0.76 0.76 0.76 0.76 0.76 0.76 0.77 0.77 0.77 0.76 0.76 0.75 0.75 0.76 0.77 0.78 0.81 0.85 0.89 0.91
