LUT_ML[:,:,0] = 
0.89 0.88 0.89 0.89 0.88 0.87 0.86 0.86 0.85 0.86 0.86 0.87 0.88 0.88 0.89 0.89 0.89 0.89 0.88 0.87 0.86 0.85 0.84
0.89 0.88 0.89 0.89 0.88 0.86 0.86 0.85 0.85 0.85 0.86 0.86 0.87 0.88 0.88 0.89 0.89 0.89 0.88 0.87 0.86 0.85 0.84
0.89 0.88 0.89 0.88 0.87 0.86 0.85 0.84 0.84 0.84 0.85 0.86 0.87 0.88 0.88 0.88 0.88 0.88 0.88 0.87 0.86 0.85 0.84
0.89 0.88 0.88 0.87 0.85 0.84 0.82 0.82 0.81 0.82 0.83 0.84 0.85 0.86 0.87 0.87 0.87 0.87 0.87 0.86 0.85 0.84 0.83
0.88 0.88 0.87 0.86 0.84 0.82 0.80 0.79 0.79 0.80 0.81 0.83 0.84 0.84 0.85 0.85 0.86 0.86 0.86 0.85 0.85 0.84 0.83
0.88 0.88 0.87 0.84 0.82 0.80 0.78 0.77 0.76 0.77 0.78 0.80 0.82 0.82 0.83 0.84 0.84 0.84 0.84 0.84 0.84 0.83 0.82
0.88 0.88 0.86 0.83 0.81 0.78 0.76 0.75 0.75 0.75 0.76 0.77 0.79 0.80 0.81 0.82 0.82 0.82 0.82 0.82 0.82 0.82 0.81
0.87 0.87 0.85 0.80 0.78 0.76 0.73 0.72 0.71 0.72 0.73 0.74 0.74 0.76 0.78 0.79 0.79 0.80 0.80 0.80 0.81 0.81 0.81
0.85 0.85 0.82 0.78 0.75 0.73 0.71 0.70 0.69 0.69 0.70 0.71 0.72 0.73 0.74 0.76 0.78 0.79 0.80 0.80 0.81 0.81 0.81
0.84 0.84 0.81 0.76 0.74 0.72 0.71 0.71 0.71 0.71 0.71 0.71 0.72 0.73 0.74 0.75 0.76 0.78 0.80 0.80 0.81 0.81 0.81
0.85 0.84 0.81 0.77 0.75 0.73 0.70 0.69 0.70 0.71 0.72 0.72 0.72 0.73 0.74 0.75 0.76 0.77 0.79 0.80 0.80 0.81 0.81
0.85 0.84 0.81 0.77 0.75 0.73 0.71 0.70 0.70 0.71 0.71 0.72 0.72 0.73 0.74 0.75 0.76 0.77 0.78 0.79 0.80 0.81 0.81
0.85 0.84 0.81 0.77 0.75 0.73 0.72 0.70 0.70 0.71 0.71 0.71 0.72 0.72 0.73 0.74 0.75 0.76 0.78 0.78 0.80 0.81 0.81
0.84 0.84 0.81 0.78 0.76 0.74 0.72 0.71 0.71 0.71 0.72 0.72 0.72 0.72 0.72 0.73 0.74 0.75 0.77 0.78 0.79 0.80 0.81
0.84 0.83 0.81 0.77 0.76 0.74 0.72 0.71 0.71 0.72 0.72 0.72 0.72 0.72 0.72 0.72 0.73 0.73 0.75 0.78 0.78 0.80 0.81
0.84 0.83 0.80 0.77 0.76 0.74 0.72 0.72 0.71 0.72 0.72 0.73 0.73 0.73 0.73 0.73 0.73 0.73 0.74 0.76 0.77 0.78 0.80
0.83 0.82 0.80 0.77 0.75 0.74 0.73 0.72 0.71 0.71 0.72 0.73 0.73 0.73 0.73 0.73 0.73 0.73 0.74 0.75 0.77 0.77 0.78
0.83 0.82 0.79 0.76 0.75 0.73 0.72 0.72 0.71 0.71 0.72 0.73 0.74 0.74 0.74 0.74 0.74 0.74 0.74 0.75 0.75 0.77 0.77
0.82 0.81 0.79 0.76 0.74 0.73 0.72 0.72 0.71 0.71 0.71 0.72 0.74 0.74 0.74 0.74 0.74 0.74 0.74 0.75 0.76 0.76 0.76
0.81 0.81 0.78 0.75 0.74 0.73 0.72 0.72 0.71 0.71 0.71 0.72 0.73 0.74 0.75 0.75 0.75 0.75 0.75 0.75 0.76 0.76 0.77
0.81 0.80 0.77 0.74 0.73 0.72 0.71 0.71 0.71 0.70 0.70 0.71 0.72 0.73 0.74 0.75 0.75 0.76 0.76 0.76 0.76 0.76 0.77
LUT_ML[:,:,1] = 
0.89 0.88 0.89 0.89 0.89 0.87 0.87 0.86 0.86 0.86 0.87 0.87 0.88 0.89 0.89 0.89 0.90 0.89 0.89 0.88 0.87 0.86 0.84
0.89 0.88 0.89 0.89 0.88 0.87 0.86 0.86 0.85 0.85 0.86 0.87 0.87 0.88 0.89 0.89 0.89 0.89 0.88 0.88 0.87 0.86 0.84
0.89 0.88 0.89 0.88 0.88 0.86 0.85 0.85 0.85 0.85 0.85 0.86 0.87 0.88 0.88 0.89 0.89 0.89 0.88 0.87 0.87 0.86 0.84
0.89 0.88 0.88 0.87 0.86 0.84 0.83 0.82 0.82 0.82 0.84 0.85 0.85 0.86 0.87 0.87 0.87 0.88 0.88 0.87 0.86 0.85 0.84
0.89 0.88 0.87 0.86 0.84 0.82 0.81 0.80 0.79 0.80 0.81 0.83 0.84 0.84 0.85 0.86 0.86 0.86 0.86 0.86 0.85 0.84 0.83
0.89 0.88 0.87 0.85 0.82 0.80 0.79 0.77 0.77 0.77 0.79 0.80 0.82 0.82 0.83 0.84 0.84 0.84 0.84 0.84 0.84 0.83 0.82
0.89 0.88 0.86 0.83 0.81 0.79 0.77 0.75 0.75 0.75 0.76 0.77 0.79 0.80 0.81 0.82 0.83 0.83 0.83 0.83 0.83 0.82 0.82
0.87 0.87 0.85 0.81 0.78 0.76 0.74 0.72 0.72 0.72 0.73 0.74 0.75 0.76 0.78 0.79 0.79 0.80 0.80 0.80 0.81 0.81 0.82
0.85 0.85 0.83 0.78 0.76 0.73 0.71 0.70 0.69 0.70 0.70 0.71 0.72 0.73 0.75 0.76 0.78 0.79 0.80 0.80 0.81 0.81 0.82
0.85 0.84 0.81 0.77 0.75 0.73 0.71 0.71 0.71 0.71 0.71 0.71 0.72 0.73 0.74 0.75 0.76 0.78 0.80 0.80 0.81 0.81 0.81
0.85 0.84 0.82 0.77 0.75 0.73 0.71 0.70 0.70 0.71 0.72 0.72 0.73 0.73 0.74 0.75 0.76 0.77 0.79 0.80 0.81 0.81 0.81
0.86 0.84 0.82 0.78 0.76 0.73 0.71 0.70 0.70 0.71 0.71 0.72 0.72 0.73 0.74 0.75 0.76 0.77 0.78 0.80 0.80 0.81 0.81
0.85 0.84 0.82 0.78 0.76 0.74 0.72 0.70 0.70 0.71 0.71 0.72 0.72 0.72 0.73 0.74 0.75 0.76 0.78 0.79 0.80 0.81 0.81
0.85 0.84 0.82 0.78 0.76 0.74 0.72 0.71 0.71 0.71 0.72 0.72 0.72 0.72 0.72 0.73 0.74 0.75 0.77 0.78 0.80 0.81 0.82
0.85 0.84 0.81 0.78 0.76 0.74 0.73 0.72 0.71 0.72 0.72 0.72 0.72 0.73 0.73 0.73 0.73 0.74 0.75 0.78 0.79 0.80 0.82
0.84 0.83 0.81 0.78 0.76 0.75 0.73 0.72 0.71 0.72 0.72 0.73 0.73 0.73 0.73 0.73 0.73 0.73 0.74 0.76 0.78 0.79 0.80
0.84 0.83 0.80 0.77 0.76 0.74 0.73 0.72 0.72 0.71 0.72 0.73 0.73 0.73 0.73 0.74 0.74 0.74 0.74 0.75 0.77 0.77 0.79
0.83 0.82 0.80 0.77 0.75 0.74 0.73 0.72 0.72 0.71 0.72 0.73 0.74 0.74 0.74 0.74 0.74 0.74 0.74 0.75 0.76 0.77 0.77
0.83 0.82 0.80 0.76 0.75 0.73 0.73 0.72 0.72 0.71 0.71 0.72 0.74 0.74 0.74 0.74 0.74 0.74 0.75 0.75 0.76 0.76 0.77
0.82 0.81 0.79 0.76 0.75 0.73 0.73 0.72 0.72 0.71 0.71 0.72 0.73 0.74 0.75 0.75 0.75 0.75 0.75 0.75 0.76 0.77 0.77
0.81 0.81 0.78 0.75 0.74 0.73 0.72 0.72 0.71 0.71 0.71 0.72 0.72 0.74 0.75 0.75 0.76 0.76 0.76 0.76 0.76 0.77 0.77
LUT_ML[:,:,2] = 
0.89 0.88 0.89 0.89 0.89 0.88 0.87 0.87 0.87 0.87 0.87 0.87 0.88 0.89 0.89 0.90 0.90 0.90 0.89 0.88 0.87 0.86 0.84
0.89 0.88 0.89 0.89 0.89 0.87 0.87 0.86 0.86 0.86 0.86 0.87 0.87 0.88 0.89 0.90 0.90 0.90 0.89 0.88 0.87 0.86 0.84
0.89 0.88 0.89 0.89 0.88 0.86 0.86 0.86 0.85 0.85 0.86 0.86 0.87 0.88 0.89 0.89 0.89 0.89 0.89 0.88 0.87 0.86 0.84
0.89 0.88 0.88 0.87 0.86 0.84 0.83 0.83 0.83 0.82 0.84 0.85 0.85 0.86 0.87 0.88 0.88 0.88 0.88 0.87 0.86 0.85 0.84
0.89 0.88 0.87 0.86 0.84 0.82 0.81 0.81 0.80 0.80 0.82 0.83 0.84 0.85 0.85 0.86 0.87 0.87 0.87 0.86 0.86 0.85 0.84
0.89 0.88 0.87 0.85 0.82 0.81 0.79 0.78 0.77 0.77 0.79 0.81 0.82 0.83 0.83 0.84 0.85 0.85 0.85 0.85 0.84 0.84 0.83
0.89 0.88 0.86 0.83 0.81 0.79 0.77 0.75 0.75 0.75 0.76 0.78 0.79 0.80 0.81 0.82 0.83 0.83 0.83 0.83 0.83 0.82 0.82
0.88 0.87 0.85 0.81 0.78 0.76 0.74 0.72 0.72 0.72 0.73 0.74 0.75 0.76 0.78 0.78 0.79 0.80 0.80 0.81 0.81 0.81 0.82
0.85 0.85 0.83 0.78 0.76 0.74 0.71 0.70 0.69 0.70 0.71 0.71 0.72 0.73 0.75 0.76 0.78 0.79 0.80 0.81 0.81 0.81 0.82
0.85 0.85 0.82 0.77 0.75 0.73 0.72 0.71 0.70 0.71 0.71 0.72 0.72 0.73 0.74 0.75 0.76 0.78 0.80 0.81 0.81 0.81 0.82
0.86 0.85 0.82 0.78 0.75 0.73 0.71 0.70 0.70 0.72 0.72 0.72 0.73 0.73 0.74 0.75 0.76 0.77 0.79 0.80 0.81 0.81 0.82
0.86 0.85 0.82 0.78 0.76 0.74 0.72 0.70 0.70 0.71 0.72 0.72 0.73 0.73 0.74 0.75 0.76 0.77 0.79 0.80 0.81 0.81 0.81
0.86 0.85 0.82 0.78 0.76 0.74 0.72 0.70 0.70 0.71 0.72 0.72 0.72 0.72 0.73 0.74 0.75 0.77 0.79 0.79 0.81 0.81 0.81
0.86 0.85 0.82 0.79 0.77 0.75 0.73 0.71 0.71 0.71 0.72 0.72 0.72 0.72 0.72 0.73 0.74 0.75 0.77 0.79 0.80 0.82 0.82
0.85 0.84 0.82 0.79 0.77 0.75 0.73 0.72 0.71 0.72 0.72 0.73 0.73 0.73 0.73 0.73 0.73 0.74 0.76 0.78 0.79 0.81 0.82
0.85 0.84 0.82 0.78 0.77 0.75 0.73 0.73 0.72 0.72 0.72 0.73 0.73 0.73 0.73 0.73 0.73 0.73 0.75 0.76 0.79 0.79 0.81
0.84 0.83 0.81 0.78 0.76 0.75 0.74 0.73 0.72 0.72 0.72 0.73 0.74 0.74 0.74 0.74 0.74 0.74 0.74 0.75 0.77 0.78 0.79
0.84 0.83 0.81 0.77 0.76 0.74 0.73 0.73 0.72 0.71 0.72 0.73 0.74 0.74 0.74 0.74 0.74 0.74 0.74 0.75 0.76 0.78 0.78
0.83 0.83 0.80 0.77 0.75 0.74 0.73 0.73 0.72 0.71 0.71 0.72 0.73 0.74 0.75 0.75 0.75 0.75 0.75 0.75 0.76 0.77 0.78
0.83 0.82 0.80 0.77 0.75 0.74 0.73 0.73 0.72 0.72 0.71 0.72 0.73 0.74 0.75 0.75 0.75 0.75 0.75 0.75 0.76 0.77 0.77
0.82 0.81 0.79 0.76 0.75 0.73 0.73 0.73 0.72 0.72 0.71 0.72 0.73 0.74 0.75 0.75 0.76 0.76 0.76 0.76 0.76 0.77 0.77
LUT_ML[:,:,3] = 
0.89 0.89 0.90 0.90 0.89 0.89 0.89 0.89 0.88 0.88 0.88 0.88 0.89 0.89 0.90 0.90 0.91 0.91 0.90 0.89 0.88 0.87 0.85
0.89 0.89 0.89 0.89 0.89 0.88 0.88 0.88 0.88 0.87 0.87 0.88 0.88 0.89 0.89 0.90 0.91 0.91 0.90 0.89 0.88 0.87 0.85
0.89 0.89 0.89 0.89 0.89 0.88 0.87 0.87 0.87 0.87 0.87 0.87 0.88 0.88 0.89 0.90 0.90 0.90 0.90 0.89 0.88 0.87 0.85
0.89 0.89 0.88 0.88 0.87 0.86 0.85 0.84 0.84 0.84 0.85 0.85 0.86 0.86 0.87 0.88 0.89 0.89 0.89 0.88 0.87 0.86 0.85
0.89 0.88 0.88 0.86 0.85 0.84 0.82 0.82 0.82 0.81 0.82 0.83 0.84 0.85 0.86 0.86 0.87 0.88 0.88 0.88 0.87 0.86 0.85
0.89 0.88 0.87 0.85 0.83 0.81 0.80 0.79 0.78 0.78 0.80 0.81 0.82 0.83 0.84 0.84 0.85 0.86 0.86 0.86 0.86 0.85 0.84
0.89 0.88 0.87 0.84 0.81 0.80 0.78 0.76 0.75 0.76 0.77 0.78 0.80 0.81 0.81 0.82 0.83 0.83 0.84 0.84 0.84 0.83 0.83
0.88 0.88 0.86 0.82 0.79 0.77 0.74 0.73 0.72 0.72 0.73 0.74 0.75 0.76 0.77 0.78 0.79 0.79 0.81 0.81 0.82 0.82 0.82
0.86 0.86 0.84 0.79 0.77 0.74 0.72 0.70 0.69 0.70 0.71 0.72 0.73 0.74 0.75 0.77 0.78 0.79 0.81 0.81 0.82 0.82 0.82
0.86 0.86 0.83 0.78 0.76 0.75 0.73 0.71 0.70 0.70 0.71 0.72 0.73 0.74 0.75 0.76 0.77 0.79 0.81 0.81 0.82 0.82 0.82
0.86 0.86 0.83 0.79 0.76 0.74 0.72 0.70 0.70 0.71 0.72 0.72 0.73 0.74 0.75 0.76 0.76 0.77 0.80 0.81 0.81 0.82 0.82
0.87 0.86 0.84 0.79 0.77 0.75 0.73 0.71 0.70 0.71 0.72 0.73 0.73 0.74 0.75 0.76 0.76 0.77 0.79 0.81 0.82 0.82 0.82
0.87 0.86 0.84 0.80 0.78 0.76 0.73 0.71 0.70 0.71 0.71 0.72 0.72 0.73 0.74 0.75 0.76 0.77 0.79 0.81 0.82 0.82 0.82
0.87 0.86 0.84 0.80 0.78 0.76 0.74 0.72 0.71 0.71 0.72 0.72 0.72 0.72 0.73 0.73 0.74 0.75 0.78 0.80 0.81 0.83 0.83
0.86 0.86 0.83 0.80 0.79 0.77 0.75 0.73 0.72 0.71 0.72 0.72 0.73 0.73 0.73 0.73 0.73 0.74 0.76 0.79 0.81 0.82 0.83
0.86 0.85 0.83 0.80 0.78 0.77 0.75 0.74 0.73 0.72 0.72 0.73 0.73 0.74 0.74 0.73 0.73 0.73 0.75 0.77 0.80 0.81 0.82
0.85 0.85 0.83 0.79 0.78 0.77 0.75 0.74 0.73 0.72 0.72 0.73 0.73 0.74 0.74 0.74 0.74 0.74 0.74 0.76 0.78 0.80 0.81
0.85 0.84 0.82 0.79 0.78 0.76 0.75 0.74 0.73 0.72 0.72 0.73 0.74 0.74 0.75 0.75 0.75 0.75 0.74 0.75 0.76 0.78 0.79
0.84 0.84 0.82 0.78 0.77 0.76 0.74 0.74 0.73 0.72 0.72 0.72 0.73 0.74 0.75 0.75 0.75 0.75 0.75 0.75 0.76 0.77 0.79
0.84 0.84 0.81 0.78 0.77 0.75 0.74 0.74 0.73 0.73 0.72 0.72 0.73 0.74 0.75 0.75 0.76 0.76 0.76 0.75 0.76 0.77 0.78
0.83 0.83 0.81 0.78 0.76 0.75 0.74 0.74 0.73 0.73 0.72 0.72 0.73 0.73 0.75 0.75 0.76 0.76 0.76 0.76 0.76 0.77 0.78
LUT_ML[:,:,4] = 
0.90 0.90 0.91 0.91 0.90 0.90 0.91 0.91 0.90 0.90 0.90 0.90 0.91 0.91 0.91 0.92 0.92 0.92 0.92 0.91 0.90 0.88 0.87
0.90 0.90 0.90 0.90 0.90 0.89 0.90 0.90 0.90 0.89 0.89 0.90 0.90 0.90 0.91 0.91 0.91 0.92 0.92 0.91 0.90 0.88 0.87
0.90 0.89 0.90 0.90 0.90 0.89 0.90 0.90 0.89 0.89 0.89 0.89 0.90 0.90 0.90 0.91 0.91 0.91 0.92 0.91 0.90 0.88 0.87
0.90 0.89 0.89 0.89 0.88 0.87 0.87 0.87 0.87 0.86 0.86 0.87 0.87 0.88 0.88 0.89 0.89 0.90 0.91 0.90 0.89 0.88 0.86
0.90 0.89 0.88 0.87 0.86 0.86 0.85 0.84 0.84 0.84 0.84 0.85 0.85 0.86 0.86 0.87 0.87 0.88 0.89 0.89 0.88 0.87 0.86
0.90 0.89 0.87 0.85 0.84 0.84 0.82 0.81 0.81 0.81 0.82 0.82 0.83 0.83 0.84 0.85 0.85 0.86 0.87 0.88 0.87 0.87 0.85
0.90 0.89 0.87 0.84 0.83 0.81 0.80 0.78 0.78 0.77 0.78 0.80 0.80 0.81 0.82 0.82 0.83 0.84 0.85 0.86 0.86 0.86 0.84
0.89 0.89 0.86 0.82 0.80 0.78 0.76 0.74 0.73 0.72 0.73 0.74 0.75 0.76 0.77 0.78 0.78 0.79 0.81 0.83 0.83 0.84 0.84
0.87 0.88 0.85 0.80 0.78 0.76 0.74 0.72 0.70 0.69 0.71 0.72 0.74 0.75 0.76 0.77 0.78 0.79 0.80 0.82 0.83 0.83 0.83
0.87 0.87 0.85 0.81 0.78 0.76 0.74 0.72 0.70 0.70 0.71 0.72 0.73 0.75 0.75 0.76 0.78 0.79 0.80 0.82 0.83 0.83 0.83
0.87 0.88 0.86 0.81 0.79 0.76 0.74 0.73 0.71 0.71 0.71 0.72 0.73 0.74 0.75 0.76 0.77 0.78 0.81 0.82 0.83 0.83 0.83
0.88 0.89 0.87 0.82 0.80 0.77 0.75 0.72 0.70 0.70 0.71 0.72 0.73 0.74 0.75 0.76 0.77 0.78 0.80 0.82 0.83 0.83 0.83
0.88 0.89 0.87 0.83 0.81 0.78 0.76 0.73 0.71 0.70 0.71 0.71 0.72 0.73 0.75 0.76 0.77 0.78 0.80 0.82 0.84 0.84 0.84
0.88 0.89 0.87 0.83 0.81 0.79 0.77 0.74 0.72 0.71 0.71 0.71 0.72 0.72 0.73 0.74 0.75 0.77 0.80 0.82 0.84 0.84 0.85
0.88 0.88 0.86 0.83 0.82 0.80 0.78 0.75 0.73 0.72 0.72 0.72 0.72 0.73 0.73 0.73 0.74 0.75 0.78 0.80 0.83 0.85 0.85
0.87 0.88 0.86 0.83 0.81 0.80 0.78 0.76 0.74 0.73 0.72 0.72 0.73 0.73 0.73 0.74 0.74 0.74 0.76 0.79 0.81 0.84 0.85
0.87 0.87 0.86 0.82 0.81 0.79 0.77 0.76 0.75 0.74 0.73 0.73 0.73 0.74 0.74 0.74 0.74 0.74 0.75 0.77 0.79 0.82 0.84
0.86 0.87 0.85 0.82 0.81 0.79 0.77 0.76 0.75 0.74 0.73 0.73 0.73 0.74 0.74 0.75 0.75 0.75 0.75 0.76 0.77 0.80 0.82
0.86 0.86 0.85 0.82 0.80 0.79 0.77 0.76 0.75 0.75 0.74 0.73 0.73 0.74 0.75 0.75 0.76 0.76 0.75 0.76 0.77 0.78 0.81
0.85 0.86 0.84 0.81 0.80 0.78 0.77 0.76 0.75 0.75 0.74 0.73 0.73 0.74 0.75 0.75 0.76 0.76 0.76 0.76 0.77 0.77 0.79
0.85 0.85 0.84 0.81 0.79 0.78 0.76 0.76 0.75 0.75 0.74 0.73 0.73 0.73 0.74 0.75 0.76 0.76 0.77 0.77 0.77 0.77 0.78
LUT_ML[:,:,5] = 
0.91 0.92 0.92 0.92 0.92 0.91 0.92 0.92 0.92 0.91 0.91 0.91 0.92 0.93 0.93 0.93 0.93 0.94 0.94 0.94 0.92 0.90 0.88
0.91 0.92 0.92 0.92 0.91 0.91 0.91 0.91 0.91 0.91 0.91 0.91 0.92 0.92 0.92 0.93 0.93 0.93 0.93 0.93 0.92 0.90 0.88
0.91 0.91 0.92 0.91 0.91 0.90 0.91 0.91 0.91 0.90 0.90 0.90 0.91 0.92 0.92 0.92 0.92 0.93 0.93 0.93 0.91 0.90 0.88
0.90 0.91 0.91 0.90 0.89 0.89 0.89 0.89 0.89 0.88 0.88 0.88 0.89 0.89 0.90 0.90 0.90 0.90 0.91 0.92 0.91 0.90 0.88
0.90 0.90 0.89 0.88 0.88 0.87 0.86 0.87 0.86 0.86 0.85 0.86 0.86 0.87 0.87 0.88 0.88 0.88 0.89 0.90 0.90 0.89 0.88
0.90 0.90 0.88 0.87 0.86 0.85 0.85 0.84 0.84 0.83 0.82 0.83 0.83 0.84 0.85 0.85 0.85 0.86 0.87 0.88 0.89 0.88 0.87
0.90 0.89 0.88 0.85 0.84 0.83 0.83 0.81 0.81 0.80 0.80 0.80 0.80 0.81 0.82 0.82 0.83 0.84 0.85 0.86 0.87 0.87 0.86
0.89 0.89 0.87 0.83 0.81 0.80 0.78 0.76 0.75 0.74 0.74 0.75 0.76 0.76 0.77 0.78 0.78 0.79 0.81 0.83 0.85 0.86 0.86
0.88 0.88 0.86 0.82 0.80 0.77 0.75 0.74 0.72 0.71 0.70 0.72 0.73 0.75 0.76 0.77 0.78 0.79 0.80 0.82 0.84 0.85 0.85
0.87 0.88 0.86 0.83 0.80 0.78 0.76 0.74 0.72 0.70 0.70 0.71 0.73 0.74 0.76 0.77 0.78 0.79 0.80 0.82 0.83 0.84 0.84
0.88 0.89 0.88 0.84 0.81 0.78 0.77 0.75 0.72 0.70 0.70 0.71 0.72 0.74 0.75 0.77 0.78 0.79 0.80 0.82 0.83 0.84 0.84
0.88 0.90 0.89 0.85 0.82 0.79 0.77 0.74 0.72 0.71 0.71 0.72 0.72 0.73 0.75 0.76 0.78 0.79 0.81 0.82 0.84 0.85 0.85
0.89 0.90 0.90 0.86 0.83 0.80 0.78 0.75 0.73 0.71 0.70 0.71 0.72 0.73 0.75 0.76 0.77 0.79 0.80 0.83 0.84 0.86 0.86
0.89 0.90 0.90 0.86 0.84 0.81 0.79 0.76 0.73 0.72 0.71 0.71 0.71 0.72 0.73 0.74 0.76 0.78 0.80 0.82 0.84 0.86 0.86
0.89 0.90 0.89 0.86 0.84 0.82 0.80 0.77 0.74 0.73 0.72 0.72 0.72 0.72 0.73 0.73 0.74 0.76 0.79 0.82 0.84 0.86 0.87
0.89 0.89 0.89 0.86 0.84 0.82 0.80 0.78 0.75 0.74 0.73 0.72 0.72 0.73 0.73 0.73 0.74 0.74 0.77 0.80 0.83 0.86 0.87
0.89 0.89 0.88 0.86 0.84 0.82 0.80 0.78 0.76 0.75 0.74 0.73 0.73 0.73 0.74 0.74 0.74 0.75 0.76 0.78 0.81 0.83 0.87
0.88 0.89 0.88 0.85 0.84 0.82 0.80 0.78 0.77 0.76 0.74 0.73 0.73 0.73 0.74 0.74 0.75 0.75 0.76 0.76 0.78 0.81 0.84
0.88 0.88 0.87 0.85 0.83 0.82 0.80 0.78 0.77 0.77 0.75 0.74 0.73 0.73 0.74 0.75 0.75 0.76 0.76 0.76 0.77 0.79 0.82
0.87 0.87 0.87 0.84 0.83 0.81 0.80 0.78 0.78 0.77 0.76 0.75 0.74 0.73 0.74 0.75 0.75 0.76 0.77 0.77 0.77 0.78 0.80
0.86 0.87 0.86 0.84 0.82 0.81 0.79 0.78 0.78 0.77 0.76 0.75 0.74 0.74 0.74 0.74 0.75 0.76 0.77 0.77 0.77 0.78 0.79
LUT_ML[:,:,6] = 
0.92 0.93 0.94 0.94 0.93 0.92 0.92 0.92 0.92 0.92 0.92 0.92 0.91 0.92 0.92 0.93 0.93 0.94 0.94 0.93 0.93 0.92 0.90
0.92 0.93 0.94 0.94 0.93 0.92 0.92 0.92 0.92 0.91 0.91 0.91 0.91 0.91 0.92 0.92 0.93 0.93 0.94 0.93 0.92 0.91 0.90
0.92 0.93 0.94 0.93 0.92 0.92 0.92 0.91 0.91 0.91 0.91 0.90 0.90 0.91 0.91 0.92 0.92 0.93 0.93 0.93 0.92 0.91 0.90
0.92 0.92 0.93 0.92 0.91 0.91 0.90 0.90 0.90 0.89 0.89 0.88 0.88 0.89 0.89 0.90 0.90 0.91 0.91 0.91 0.91 0.90 0.89
0.91 0.92 0.92 0.91 0.90 0.89 0.89 0.88 0.88 0.88 0.87 0.87 0.86 0.87 0.87 0.88 0.88 0.89 0.89 0.90 0.90 0.89 0.88
0.91 0.91 0.91 0.90 0.89 0.88 0.87 0.87 0.86 0.86 0.85 0.84 0.84 0.84 0.85 0.85 0.86 0.86 0.87 0.87 0.87 0.88 0.88
0.90 0.91 0.90 0.88 0.87 0.87 0.86 0.85 0.85 0.84 0.83 0.82 0.82 0.82 0.82 0.83 0.83 0.84 0.85 0.85 0.85 0.86 0.87
0.89 0.89 0.87 0.85 0.84 0.83 0.82 0.82 0.81 0.79 0.78 0.77 0.77 0.77 0.78 0.78 0.79 0.79 0.81 0.83 0.84 0.86 0.87
0.88 0.88 0.85 0.82 0.81 0.80 0.80 0.79 0.78 0.77 0.76 0.75 0.75 0.76 0.76 0.77 0.77 0.79 0.81 0.83 0.84 0.85 0.87
0.87 0.89 0.87 0.84 0.83 0.81 0.79 0.78 0.77 0.75 0.74 0.74 0.75 0.75 0.75 0.76 0.77 0.78 0.81 0.83 0.84 0.85 0.87
0.88 0.89 0.88 0.86 0.85 0.83 0.80 0.78 0.76 0.74 0.73 0.72 0.73 0.73 0.75 0.76 0.77 0.78 0.80 0.82 0.84 0.85 0.87
0.89 0.90 0.90 0.87 0.85 0.83 0.81 0.79 0.77 0.74 0.72 0.72 0.72 0.73 0.74 0.75 0.77 0.78 0.80 0.82 0.83 0.85 0.86
0.90 0.91 0.91 0.88 0.86 0.84 0.82 0.79 0.76 0.74 0.73 0.72 0.72 0.73 0.74 0.75 0.77 0.78 0.80 0.82 0.84 0.85 0.87
0.90 0.92 0.92 0.89 0.87 0.85 0.82 0.80 0.77 0.75 0.73 0.72 0.72 0.72 0.74 0.75 0.76 0.78 0.80 0.83 0.84 0.85 0.87
0.91 0.92 0.92 0.89 0.88 0.86 0.83 0.81 0.78 0.75 0.74 0.73 0.72 0.72 0.72 0.73 0.75 0.77 0.80 0.83 0.85 0.86 0.87
0.91 0.92 0.92 0.90 0.88 0.86 0.84 0.81 0.79 0.76 0.75 0.74 0.73 0.72 0.72 0.73 0.73 0.74 0.78 0.82 0.85 0.86 0.88
0.91 0.92 0.92 0.90 0.88 0.87 0.84 0.82 0.79 0.77 0.75 0.74 0.73 0.72 0.73 0.73 0.74 0.74 0.76 0.80 0.83 0.86 0.88
0.91 0.92 0.91 0.89 0.88 0.87 0.85 0.82 0.80 0.78 0.76 0.75 0.74 0.73 0.73 0.73 0.74 0.74 0.75 0.77 0.81 0.84 0.87
0.91 0.91 0.91 0.89 0.88 0.87 0.85 0.83 0.81 0.79 0.77 0.76 0.75 0.73 0.73 0.73 0.74 0.74 0.76 0.76 0.79 0.82 0.85
0.89 0.90 0.90 0.89 0.88 0.87 0.85 0.83 0.81 0.80 0.78 0.77 0.76 0.74 0.73 0.73 0.74 0.74 0.76 0.77 0.78 0.80 0.83
0.88 0.89 0.90 0.88 0.87 0.86 0.85 0.83 0.81 0.80 0.79 0.78 0.77 0.75 0.74 0.73 0.74 0.74 0.76 0.77 0.78 0.80 0.81
LUT_ML[:,:,7] = 
0.89 0.90 0.91 0.92 0.92 0.92 0.92 0.91 0.91 0.90 0.90 0.90 0.90 0.90 0.90 0.90 0.90 0.90 0.91 0.92 0.92 0.91 0.90
0.89 0.90 0.91 0.92 0.92 0.92 0.91 0.91 0.90 0.90 0.90 0.90 0.90 0.90 0.90 0.90 0.90 0.90 0.91 0.91 0.92 0.91 0.90
0.89 0.90 0.91 0.92 0.92 0.91 0.91 0.91 0.90 0.90 0.89 0.89 0.89 0.89 0.89 0.89 0.90 0.90 0.90 0.91 0.91 0.90 0.90
0.89 0.90 0.91 0.91 0.91 0.90 0.90 0.90 0.89 0.89 0.88 0.88 0.88 0.88 0.88 0.88 0.88 0.88 0.89 0.89 0.90 0.89 0.88
0.88 0.89 0.90 0.90 0.90 0.89 0.88 0.88 0.88 0.87 0.87 0.87 0.87 0.86 0.87 0.87 0.87 0.87 0.87 0.88 0.88 0.88 0.87
0.88 0.89 0.90 0.89 0.88 0.88 0.87 0.86 0.86 0.86 0.85 0.85 0.85 0.84 0.84 0.85 0.85 0.85 0.86 0.86 0.86 0.86 0.86
0.88 0.88 0.89 0.88 0.87 0.86 0.85 0.84 0.84 0.84 0.83 0.83 0.82 0.82 0.82 0.82 0.83 0.83 0.83 0.84 0.84 0.84 0.84
0.87 0.88 0.87 0.85 0.84 0.83 0.82 0.81 0.80 0.79 0.79 0.78 0.77 0.77 0.78 0.78 0.79 0.80 0.81 0.82 0.83 0.84 0.85
0.87 0.87 0.85 0.83 0.82 0.81 0.80 0.80 0.79 0.79 0.78 0.77 0.76 0.77 0.77 0.77 0.78 0.78 0.80 0.81 0.82 0.84 0.86
0.88 0.89 0.86 0.84 0.83 0.82 0.81 0.80 0.80 0.79 0.77 0.76 0.76 0.76 0.76 0.76 0.77 0.77 0.78 0.80 0.82 0.85 0.86
0.89 0.89 0.88 0.85 0.84 0.83 0.81 0.81 0.80 0.79 0.77 0.76 0.75 0.76 0.76 0.76 0.76 0.76 0.78 0.80 0.82 0.84 0.86
0.90 0.90 0.89 0.86 0.85 0.84 0.83 0.81 0.80 0.78 0.77 0.76 0.75 0.75 0.75 0.75 0.76 0.76 0.78 0.80 0.82 0.84 0.86
0.90 0.91 0.90 0.88 0.87 0.85 0.84 0.82 0.80 0.78 0.77 0.75 0.75 0.75 0.75 0.75 0.75 0.76 0.78 0.80 0.82 0.84 0.86
0.91 0.92 0.91 0.89 0.88 0.86 0.84 0.82 0.80 0.78 0.76 0.75 0.75 0.75 0.74 0.74 0.76 0.77 0.78 0.80 0.82 0.84 0.86
0.91 0.92 0.92 0.90 0.89 0.87 0.85 0.83 0.81 0.79 0.76 0.75 0.74 0.74 0.73 0.74 0.75 0.77 0.79 0.80 0.82 0.84 0.87
0.92 0.93 0.93 0.91 0.89 0.87 0.85 0.83 0.81 0.79 0.77 0.75 0.74 0.73 0.73 0.72 0.74 0.75 0.79 0.81 0.83 0.84 0.87
0.92 0.93 0.94 0.92 0.90 0.88 0.86 0.84 0.82 0.80 0.77 0.76 0.75 0.74 0.73 0.72 0.73 0.73 0.77 0.80 0.84 0.85 0.87
0.92 0.94 0.94 0.92 0.90 0.89 0.87 0.85 0.83 0.81 0.78 0.77 0.76 0.74 0.74 0.73 0.72 0.73 0.74 0.78 0.82 0.85 0.88
0.91 0.93 0.94 0.92 0.91 0.89 0.87 0.85 0.83 0.81 0.79 0.78 0.77 0.75 0.74 0.73 0.72 0.73 0.74 0.76 0.80 0.83 0.87
0.91 0.92 0.93 0.92 0.90 0.89 0.88 0.86 0.84 0.82 0.80 0.79 0.78 0.76 0.75 0.74 0.73 0.73 0.74 0.75 0.77 0.81 0.85
0.91 0.91 0.92 0.90 0.90 0.89 0.88 0.86 0.85 0.83 0.81 0.80 0.78 0.77 0.76 0.74 0.73 0.73 0.74 0.75 0.77 0.79 0.83
LUT_ML[:,:,8] = 
0.87 0.87 0.87 0.87 0.86 0.86 0.86 0.86 0.86 0.85 0.85 0.85 0.86 0.86 0.86 0.86 0.86 0.87 0.87 0.87 0.88 0.88 0.89
0.86 0.87 0.87 0.87 0.86 0.86 0.86 0.86 0.86 0.85 0.85 0.85 0.85 0.85 0.85 0.85 0.86 0.87 0.87 0.87 0.87 0.88 0.88
0.86 0.87 0.87 0.86 0.86 0.86 0.86 0.86 0.86 0.85 0.85 0.85 0.85 0.85 0.85 0.85 0.86 0.86 0.87 0.87 0.87 0.87 0.88
0.86 0.86 0.86 0.86 0.86 0.86 0.86 0.85 0.85 0.85 0.85 0.84 0.84 0.84 0.84 0.84 0.85 0.85 0.86 0.86 0.86 0.86 0.87
0.85 0.86 0.86 0.86 0.85 0.85 0.85 0.85 0.85 0.84 0.84 0.83 0.83 0.83 0.83 0.83 0.84 0.84 0.84 0.84 0.84 0.85 0.85
0.85 0.85 0.85 0.85 0.84 0.84 0.84 0.84 0.84 0.83 0.83 0.82 0.82 0.82 0.82 0.82 0.82 0.83 0.83 0.83 0.83 0.83 0.83
0.84 0.84 0.84 0.83 0.83 0.83 0.83 0.83 0.82 0.82 0.82 0.81 0.81 0.80 0.80 0.81 0.81 0.81 0.81 0.81 0.82 0.82 0.83
0.83 0.83 0.82 0.81 0.81 0.80 0.80 0.80 0.79 0.78 0.78 0.78 0.78 0.78 0.78 0.78 0.79 0.80 0.81 0.82 0.82 0.83 0.84
0.83 0.82 0.81 0.81 0.80 0.80 0.79 0.79 0.79 0.78 0.78 0.78 0.78 0.78 0.77 0.78 0.78 0.79 0.80 0.81 0.82 0.84 0.84
0.86 0.84 0.82 0.82 0.81 0.81 0.80 0.79 0.79 0.79 0.78 0.77 0.77 0.77 0.77 0.77 0.77 0.78 0.79 0.80 0.81 0.83 0.84
0.88 0.87 0.84 0.83 0.82 0.81 0.81 0.80 0.79 0.79 0.78 0.78 0.77 0.76 0.76 0.76 0.76 0.77 0.77 0.79 0.80 0.81 0.83
0.89 0.88 0.86 0.84 0.83 0.82 0.81 0.80 0.79 0.79 0.78 0.78 0.77 0.76 0.76 0.76 0.76 0.76 0.77 0.78 0.79 0.80 0.82
0.90 0.89 0.88 0.86 0.85 0.83 0.82 0.81 0.80 0.79 0.78 0.77 0.76 0.75 0.75 0.75 0.75 0.76 0.76 0.77 0.78 0.79 0.82
0.92 0.90 0.89 0.87 0.86 0.84 0.83 0.82 0.81 0.80 0.78 0.77 0.76 0.75 0.75 0.75 0.75 0.75 0.76 0.76 0.77 0.79 0.82
0.93 0.92 0.90 0.89 0.87 0.86 0.85 0.83 0.82 0.80 0.78 0.76 0.75 0.75 0.74 0.74 0.74 0.75 0.75 0.75 0.77 0.79 0.81
0.94 0.93 0.92 0.90 0.89 0.87 0.86 0.85 0.83 0.81 0.79 0.77 0.75 0.74 0.74 0.74 0.74 0.74 0.75 0.76 0.78 0.79 0.81
0.95 0.94 0.93 0.92 0.90 0.89 0.87 0.85 0.83 0.81 0.79 0.77 0.75 0.74 0.74 0.73 0.73 0.74 0.75 0.77 0.78 0.80 0.81
0.95 0.95 0.94 0.93 0.92 0.90 0.88 0.86 0.84 0.82 0.80 0.78 0.76 0.75 0.74 0.74 0.73 0.73 0.73 0.76 0.79 0.81 0.82
0.96 0.95 0.95 0.94 0.93 0.91 0.89 0.87 0.85 0.83 0.81 0.79 0.77 0.76 0.75 0.74 0.74 0.73 0.72 0.75 0.78 0.81 0.84
0.96 0.95 0.95 0.94 0.93 0.92 0.90 0.88 0.86 0.84 0.82 0.80 0.78 0.77 0.76 0.75 0.74 0.74 0.72 0.73 0.76 0.80 0.83
0.96 0.96 0.95 0.93 0.92 0.91 0.90 0.88 0.86 0.84 0.82 0.80 0.79 0.78 0.77 0.76 0.75 0.75 0.73 0.73 0.75 0.78 0.81
LUT_ML[:,:,9] = 
0.86 0.86 0.86 0.85 0.84 0.83 0.82 0.82 0.81 0.81 0.81 0.81 0.81 0.81 0.81 0.81 0.82 0.82 0.84 0.85 0.86 0.86 0.87
0.86 0.86 0.86 0.85 0.84 0.83 0.82 0.82 0.81 0.81 0.81 0.81 0.81 0.81 0.81 0.81 0.81 0.82 0.83 0.85 0.85 0.86 0.86
0.86 0.86 0.86 0.84 0.83 0.83 0.82 0.81 0.81 0.81 0.81 0.81 0.81 0.81 0.81 0.81 0.81 0.82 0.83 0.85 0.85 0.86 0.86
0.86 0.86 0.86 0.84 0.83 0.82 0.82 0.81 0.81 0.81 0.80 0.80 0.80 0.80 0.80 0.80 0.81 0.81 0.83 0.84 0.84 0.85 0.85
0.85 0.85 0.85 0.84 0.82 0.81 0.81 0.81 0.80 0.80 0.80 0.80 0.80 0.80 0.80 0.80 0.80 0.80 0.82 0.82 0.83 0.84 0.84
0.85 0.85 0.85 0.83 0.82 0.81 0.80 0.80 0.80 0.80 0.79 0.79 0.79 0.79 0.79 0.79 0.78 0.79 0.81 0.81 0.81 0.82 0.83
0.84 0.84 0.84 0.81 0.80 0.79 0.79 0.79 0.79 0.79 0.79 0.79 0.78 0.78 0.77 0.77 0.77 0.78 0.79 0.80 0.80 0.81 0.83
0.83 0.83 0.81 0.79 0.78 0.77 0.76 0.76 0.77 0.77 0.77 0.77 0.77 0.77 0.77 0.77 0.77 0.78 0.79 0.80 0.81 0.81 0.82
0.82 0.82 0.80 0.79 0.78 0.77 0.77 0.76 0.77 0.77 0.77 0.77 0.77 0.77 0.77 0.77 0.78 0.79 0.80 0.81 0.81 0.82 0.83
0.84 0.82 0.81 0.79 0.79 0.78 0.78 0.77 0.77 0.77 0.77 0.77 0.77 0.77 0.77 0.77 0.77 0.78 0.79 0.80 0.82 0.83 0.83
0.87 0.85 0.82 0.80 0.79 0.79 0.79 0.78 0.78 0.77 0.77 0.77 0.76 0.76 0.77 0.76 0.77 0.77 0.78 0.79 0.80 0.82 0.83
0.89 0.87 0.84 0.81 0.80 0.80 0.80 0.79 0.79 0.78 0.77 0.77 0.76 0.76 0.76 0.76 0.76 0.76 0.77 0.78 0.79 0.80 0.82
0.91 0.89 0.87 0.83 0.82 0.81 0.81 0.80 0.79 0.78 0.77 0.77 0.76 0.76 0.75 0.75 0.75 0.76 0.76 0.77 0.78 0.79 0.80
0.92 0.91 0.88 0.85 0.84 0.83 0.82 0.81 0.80 0.79 0.78 0.77 0.76 0.75 0.74 0.74 0.74 0.75 0.76 0.76 0.77 0.78 0.79
0.93 0.92 0.90 0.87 0.86 0.84 0.83 0.82 0.80 0.80 0.79 0.77 0.76 0.75 0.74 0.74 0.74 0.74 0.75 0.76 0.76 0.77 0.78
0.94 0.94 0.91 0.88 0.87 0.86 0.85 0.83 0.82 0.81 0.79 0.77 0.76 0.74 0.74 0.74 0.73 0.73 0.74 0.75 0.76 0.76 0.78
0.95 0.94 0.93 0.90 0.88 0.87 0.86 0.85 0.83 0.82 0.80 0.78 0.76 0.74 0.73 0.73 0.74 0.74 0.74 0.74 0.75 0.76 0.78
0.96 0.95 0.94 0.92 0.90 0.89 0.88 0.86 0.85 0.83 0.81 0.79 0.77 0.75 0.74 0.73 0.73 0.73 0.73 0.74 0.75 0.77 0.79
0.96 0.96 0.95 0.93 0.92 0.91 0.89 0.88 0.86 0.83 0.81 0.79 0.77 0.76 0.75 0.74 0.73 0.72 0.72 0.73 0.75 0.77 0.79
0.97 0.96 0.96 0.94 0.93 0.92 0.90 0.88 0.86 0.84 0.82 0.80 0.78 0.77 0.76 0.75 0.74 0.73 0.72 0.71 0.73 0.77 0.80
0.98 0.97 0.97 0.95 0.94 0.93 0.91 0.89 0.87 0.85 0.83 0.81 0.79 0.78 0.77 0.76 0.75 0.74 0.72 0.71 0.72 0.75 0.78
LUT_ML[:,:,10] = 
0.85 0.85 0.85 0.83 0.82 0.81 0.81 0.80 0.80 0.79 0.78 0.77 0.77 0.77 0.77 0.77 0.77 0.78 0.79 0.81 0.83 0.84 0.85
0.85 0.85 0.85 0.83 0.82 0.81 0.81 0.80 0.80 0.79 0.78 0.77 0.77 0.76 0.77 0.77 0.77 0.77 0.79 0.81 0.83 0.84 0.84
0.85 0.85 0.85 0.83 0.82 0.81 0.80 0.80 0.79 0.79 0.78 0.77 0.77 0.76 0.76 0.77 0.77 0.77 0.79 0.81 0.83 0.84 0.84
0.85 0.85 0.84 0.83 0.81 0.80 0.80 0.79 0.79 0.78 0.77 0.77 0.76 0.76 0.76 0.76 0.76 0.76 0.78 0.80 0.82 0.83 0.83
0.85 0.85 0.84 0.82 0.81 0.80 0.79 0.78 0.78 0.78 0.77 0.76 0.75 0.75 0.75 0.75 0.75 0.75 0.77 0.79 0.81 0.82 0.82
0.84 0.84 0.84 0.81 0.80 0.79 0.78 0.77 0.77 0.77 0.76 0.75 0.75 0.74 0.74 0.75 0.75 0.75 0.76 0.78 0.80 0.80 0.81
0.84 0.84 0.83 0.81 0.79 0.78 0.77 0.77 0.76 0.76 0.75 0.75 0.74 0.74 0.74 0.74 0.74 0.74 0.76 0.78 0.80 0.81 0.82
0.82 0.82 0.81 0.78 0.77 0.76 0.75 0.75 0.74 0.74 0.74 0.74 0.75 0.75 0.75 0.74 0.75 0.75 0.77 0.79 0.79 0.81 0.82
0.82 0.81 0.80 0.78 0.77 0.77 0.76 0.75 0.75 0.74 0.74 0.75 0.76 0.76 0.76 0.76 0.76 0.76 0.78 0.79 0.80 0.81 0.82
0.83 0.82 0.81 0.79 0.78 0.77 0.77 0.76 0.75 0.75 0.75 0.75 0.75 0.76 0.76 0.76 0.76 0.77 0.79 0.80 0.80 0.81 0.82
0.85 0.83 0.81 0.80 0.79 0.78 0.77 0.77 0.76 0.75 0.75 0.75 0.75 0.75 0.76 0.76 0.76 0.77 0.78 0.79 0.80 0.82 0.82
0.88 0.85 0.82 0.80 0.80 0.79 0.78 0.77 0.77 0.76 0.76 0.75 0.75 0.75 0.75 0.75 0.76 0.77 0.77 0.78 0.79 0.81 0.82
0.91 0.88 0.85 0.81 0.80 0.80 0.79 0.78 0.77 0.77 0.76 0.76 0.75 0.75 0.74 0.75 0.75 0.75 0.77 0.77 0.78 0.79 0.81
0.93 0.91 0.88 0.84 0.82 0.81 0.80 0.79 0.78 0.78 0.77 0.76 0.75 0.75 0.75 0.74 0.74 0.74 0.75 0.76 0.77 0.78 0.79
0.94 0.93 0.90 0.87 0.85 0.83 0.82 0.80 0.79 0.78 0.77 0.77 0.76 0.75 0.74 0.73 0.73 0.73 0.74 0.75 0.76 0.77 0.78
0.94 0.94 0.92 0.89 0.87 0.85 0.84 0.82 0.80 0.79 0.78 0.77 0.76 0.75 0.74 0.73 0.73 0.73 0.73 0.74 0.75 0.76 0.77
0.95 0.95 0.93 0.91 0.89 0.87 0.86 0.84 0.82 0.81 0.79 0.78 0.77 0.75 0.74 0.73 0.73 0.73 0.73 0.73 0.74 0.75 0.76
0.96 0.95 0.94 0.92 0.91 0.89 0.87 0.86 0.84 0.82 0.81 0.79 0.77 0.75 0.74 0.73 0.73 0.73 0.73 0.73 0.74 0.74 0.75
0.96 0.96 0.95 0.93 0.92 0.91 0.89 0.88 0.86 0.84 0.82 0.80 0.78 0.76 0.74 0.73 0.72 0.72 0.72 0.73 0.73 0.74 0.75
0.97 0.97 0.96 0.94 0.93 0.92 0.91 0.89 0.88 0.86 0.83 0.81 0.79 0.77 0.75 0.74 0.73 0.72 0.72 0.71 0.72 0.74 0.76
0.98 0.97 0.97 0.95 0.94 0.93 0.92 0.91 0.89 0.87 0.84 0.82 0.80 0.78 0.76 0.75 0.74 0.73 0.72 0.71 0.71 0.72 0.75
LUT_ML[:,:,11] = 
0.84 0.84 0.83 0.82 0.81 0.79 0.79 0.78 0.78 0.78 0.77 0.76 0.76 0.75 0.75 0.75 0.75 0.75 0.75 0.77 0.79 0.81 0.83
0.84 0.84 0.83 0.82 0.80 0.79 0.79 0.78 0.78 0.78 0.77 0.76 0.75 0.75 0.75 0.75 0.75 0.74 0.75 0.77 0.79 0.81 0.82
0.84 0.84 0.83 0.81 0.80 0.79 0.78 0.78 0.78 0.77 0.77 0.76 0.75 0.75 0.75 0.74 0.74 0.74 0.74 0.76 0.79 0.81 0.82
0.84 0.84 0.83 0.81 0.80 0.79 0.78 0.77 0.77 0.77 0.76 0.75 0.75 0.74 0.74 0.74 0.73 0.73 0.74 0.76 0.78 0.80 0.81
0.85 0.84 0.83 0.81 0.79 0.78 0.77 0.76 0.76 0.76 0.75 0.75 0.74 0.73 0.73 0.73 0.72 0.72 0.73 0.75 0.77 0.79 0.80
0.85 0.84 0.83 0.80 0.79 0.77 0.76 0.75 0.75 0.75 0.74 0.74 0.73 0.73 0.72 0.72 0.71 0.71 0.72 0.74 0.76 0.79 0.80
0.84 0.84 0.82 0.79 0.78 0.77 0.76 0.75 0.74 0.74 0.73 0.73 0.73 0.72 0.71 0.71 0.70 0.70 0.72 0.74 0.77 0.79 0.80
0.83 0.82 0.80 0.78 0.76 0.76 0.75 0.74 0.73 0.73 0.73 0.73 0.73 0.72 0.72 0.72 0.71 0.71 0.73 0.76 0.78 0.79 0.80
0.82 0.82 0.80 0.78 0.77 0.76 0.75 0.75 0.74 0.74 0.74 0.74 0.74 0.73 0.73 0.73 0.73 0.73 0.75 0.77 0.79 0.80 0.81
0.83 0.82 0.80 0.79 0.78 0.77 0.76 0.75 0.75 0.74 0.74 0.74 0.74 0.74 0.74 0.74 0.75 0.75 0.76 0.78 0.79 0.80 0.81
0.84 0.83 0.81 0.79 0.78 0.78 0.77 0.76 0.75 0.75 0.74 0.74 0.74 0.74 0.74 0.74 0.74 0.75 0.77 0.78 0.80 0.80 0.81
0.86 0.84 0.82 0.80 0.79 0.78 0.78 0.77 0.76 0.75 0.75 0.74 0.74 0.74 0.73 0.74 0.74 0.75 0.77 0.78 0.79 0.80 0.81
0.89 0.87 0.83 0.81 0.80 0.79 0.78 0.78 0.77 0.76 0.75 0.75 0.74 0.74 0.73 0.73 0.73 0.74 0.76 0.77 0.78 0.79 0.81
0.92 0.90 0.86 0.83 0.81 0.80 0.79 0.78 0.78 0.77 0.76 0.75 0.75 0.74 0.73 0.73 0.73 0.73 0.75 0.76 0.77 0.78 0.80
0.94 0.93 0.90 0.86 0.84 0.82 0.81 0.80 0.79 0.78 0.77 0.76 0.75 0.74 0.73 0.73 0.73 0.73 0.74 0.75 0.76 0.77 0.78
0.95 0.94 0.92 0.89 0.88 0.86 0.83 0.82 0.80 0.79 0.78 0.77 0.75 0.74 0.74 0.73 0.72 0.72 0.73 0.74 0.75 0.76 0.77
0.95 0.95 0.93 0.91 0.90 0.88 0.86 0.84 0.83 0.81 0.80 0.78 0.76 0.75 0.74 0.73 0.72 0.72 0.72 0.73 0.74 0.75 0.76
0.96 0.95 0.94 0.92 0.91 0.90 0.88 0.86 0.85 0.83 0.81 0.79 0.78 0.76 0.75 0.73 0.72 0.72 0.72 0.72 0.73 0.74 0.75
0.97 0.96 0.95 0.93 0.92 0.91 0.90 0.88 0.87 0.85 0.83 0.81 0.79 0.77 0.75 0.73 0.72 0.72 0.72 0.72 0.72 0.73 0.74
0.98 0.97 0.96 0.94 0.93 0.92 0.91 0.90 0.88 0.87 0.85 0.83 0.81 0.78 0.75 0.74 0.73 0.72 0.71 0.72 0.72 0.73 0.73
0.98 0.97 0.97 0.95 0.94 0.93 0.92 0.91 0.89 0.88 0.87 0.85 0.82 0.80 0.77 0.74 0.73 0.73 0.72 0.71 0.71 0.72 0.73
LUT_ML[:,:,12] = 
0.84 0.83 0.82 0.80 0.79 0.78 0.77 0.76 0.76 0.76 0.75 0.75 0.75 0.75 0.75 0.75 0.74 0.74 0.74 0.74 0.75 0.77 0.79
0.84 0.83 0.82 0.80 0.79 0.78 0.77 0.76 0.76 0.75 0.75 0.75 0.75 0.75 0.74 0.74 0.74 0.74 0.74 0.74 0.75 0.76 0.79
0.84 0.83 0.82 0.80 0.79 0.78 0.76 0.76 0.76 0.75 0.75 0.75 0.75 0.74 0.74 0.74 0.74 0.74 0.73 0.74 0.75 0.76 0.78
0.84 0.83 0.82 0.80 0.78 0.77 0.76 0.75 0.75 0.74 0.74 0.74 0.74 0.73 0.73 0.73 0.73 0.73 0.73 0.73 0.74 0.76 0.78
0.84 0.83 0.82 0.79 0.78 0.77 0.75 0.74 0.74 0.74 0.73 0.73 0.73 0.73 0.72 0.72 0.72 0.72 0.72 0.72 0.73 0.75 0.77
0.84 0.83 0.82 0.79 0.77 0.76 0.75 0.74 0.73 0.73 0.72 0.72 0.72 0.72 0.71 0.71 0.71 0.71 0.70 0.71 0.73 0.75 0.78
0.84 0.83 0.81 0.78 0.77 0.75 0.74 0.73 0.72 0.72 0.71 0.71 0.71 0.70 0.70 0.70 0.70 0.70 0.70 0.71 0.73 0.76 0.78
0.82 0.82 0.80 0.77 0.76 0.75 0.74 0.73 0.72 0.71 0.71 0.71 0.71 0.71 0.71 0.71 0.71 0.71 0.71 0.72 0.74 0.77 0.79
0.82 0.82 0.80 0.78 0.77 0.76 0.75 0.74 0.73 0.73 0.72 0.72 0.72 0.72 0.72 0.72 0.72 0.72 0.71 0.73 0.75 0.78 0.79
0.83 0.83 0.81 0.78 0.77 0.77 0.76 0.75 0.74 0.73 0.73 0.73 0.73 0.73 0.73 0.73 0.73 0.73 0.72 0.74 0.77 0.79 0.80
0.84 0.84 0.82 0.79 0.78 0.77 0.76 0.76 0.75 0.74 0.73 0.73 0.73 0.73 0.73 0.73 0.73 0.73 0.74 0.76 0.78 0.79 0.80
0.85 0.85 0.83 0.80 0.79 0.78 0.77 0.76 0.76 0.75 0.74 0.73 0.73 0.73 0.73 0.73 0.73 0.73 0.74 0.76 0.78 0.79 0.80
0.87 0.86 0.84 0.82 0.81 0.79 0.78 0.77 0.76 0.76 0.75 0.74 0.73 0.73 0.73 0.73 0.73 0.73 0.74 0.76 0.77 0.79 0.80
0.90 0.88 0.85 0.83 0.82 0.81 0.80 0.79 0.78 0.77 0.76 0.75 0.74 0.73 0.73 0.73 0.73 0.72 0.73 0.76 0.77 0.78 0.79
0.92 0.91 0.88 0.85 0.84 0.82 0.81 0.80 0.79 0.78 0.77 0.76 0.75 0.74 0.73 0.73 0.72 0.71 0.73 0.74 0.76 0.77 0.78
0.95 0.94 0.91 0.88 0.86 0.84 0.83 0.82 0.81 0.80 0.79 0.78 0.77 0.76 0.75 0.73 0.72 0.71 0.72 0.73 0.74 0.76 0.77
0.96 0.95 0.93 0.91 0.89 0.88 0.85 0.84 0.82 0.81 0.80 0.79 0.78 0.77 0.76 0.74 0.72 0.71 0.71 0.72 0.73 0.74 0.76
0.96 0.96 0.94 0.92 0.91 0.90 0.89 0.87 0.85 0.83 0.82 0.81 0.80 0.78 0.77 0.75 0.74 0.72 0.71 0.71 0.72 0.73 0.74
0.97 0.96 0.95 0.93 0.92 0.91 0.90 0.88 0.87 0.85 0.84 0.82 0.81 0.79 0.78 0.77 0.75 0.73 0.71 0.71 0.71 0.72 0.73
0.98 0.97 0.96 0.94 0.93 0.92 0.91 0.90 0.88 0.87 0.85 0.84 0.82 0.81 0.79 0.78 0.75 0.74 0.71 0.71 0.71 0.72 0.72
0.99 0.98 0.97 0.95 0.94 0.93 0.92 0.91 0.90 0.88 0.87 0.85 0.84 0.82 0.80 0.78 0.76 0.75 0.72 0.71 0.71 0.72 0.72
LUT_ML[:,:,13] = 
0.83 0.83 0.81 0.79 0.78 0.76 0.75 0.75 0.74 0.74 0.74 0.74 0.74 0.74 0.74 0.74 0.74 0.74 0.74 0.73 0.74 0.75 0.76
0.83 0.83 0.81 0.79 0.78 0.76 0.75 0.74 0.74 0.74 0.74 0.74 0.74 0.74 0.74 0.74 0.74 0.74 0.73 0.73 0.74 0.75 0.76
0.83 0.83 0.81 0.79 0.77 0.76 0.75 0.74 0.74 0.73 0.73 0.74 0.74 0.74 0.74 0.74 0.73 0.73 0.73 0.73 0.73 0.74 0.75
0.83 0.82 0.81 0.78 0.77 0.76 0.75 0.73 0.73 0.73 0.72 0.73 0.73 0.73 0.73 0.73 0.73 0.72 0.72 0.72 0.73 0.74 0.75
0.83 0.82 0.81 0.78 0.77 0.75 0.74 0.73 0.72 0.72 0.71 0.72 0.72 0.72 0.72 0.72 0.72 0.72 0.71 0.71 0.72 0.73 0.74
0.83 0.82 0.80 0.77 0.76 0.75 0.73 0.72 0.71 0.71 0.70 0.70 0.70 0.70 0.70 0.71 0.71 0.70 0.70 0.70 0.72 0.73 0.75
0.83 0.82 0.80 0.77 0.75 0.74 0.73 0.72 0.70 0.70 0.69 0.69 0.69 0.69 0.70 0.70 0.70 0.70 0.70 0.71 0.72 0.74 0.75
0.83 0.82 0.79 0.76 0.75 0.74 0.73 0.72 0.71 0.70 0.70 0.69 0.69 0.69 0.70 0.70 0.70 0.70 0.71 0.71 0.73 0.74 0.76
0.83 0.83 0.81 0.78 0.77 0.76 0.75 0.74 0.73 0.72 0.71 0.70 0.70 0.70 0.70 0.70 0.70 0.70 0.71 0.72 0.73 0.75 0.77
0.84 0.84 0.82 0.79 0.78 0.77 0.76 0.75 0.74 0.73 0.72 0.72 0.71 0.71 0.71 0.71 0.71 0.71 0.71 0.72 0.74 0.76 0.78
0.86 0.85 0.83 0.80 0.79 0.78 0.76 0.75 0.74 0.74 0.73 0.72 0.72 0.72 0.72 0.72 0.72 0.72 0.72 0.72 0.75 0.76 0.78
0.87 0.86 0.84 0.82 0.80 0.79 0.78 0.77 0.76 0.75 0.74 0.73 0.72 0.72 0.72 0.72 0.72 0.72 0.72 0.74 0.75 0.78 0.79
0.87 0.87 0.85 0.83 0.81 0.80 0.79 0.78 0.77 0.76 0.75 0.74 0.73 0.72 0.72 0.72 0.72 0.72 0.72 0.74 0.75 0.77 0.79
0.89 0.87 0.86 0.84 0.83 0.82 0.81 0.79 0.78 0.77 0.76 0.75 0.74 0.73 0.72 0.72 0.72 0.72 0.72 0.74 0.75 0.76 0.78
0.91 0.89 0.87 0.85 0.84 0.83 0.82 0.81 0.80 0.79 0.78 0.77 0.76 0.75 0.74 0.73 0.72 0.72 0.72 0.73 0.75 0.76 0.77
0.94 0.91 0.88 0.86 0.86 0.85 0.84 0.83 0.81 0.80 0.79 0.78 0.77 0.76 0.75 0.74 0.73 0.73 0.72 0.73 0.74 0.75 0.76
0.96 0.94 0.91 0.88 0.87 0.86 0.85 0.84 0.83 0.82 0.81 0.80 0.79 0.78 0.77 0.76 0.74 0.73 0.72 0.72 0.73 0.74 0.75
0.97 0.96 0.94 0.91 0.90 0.88 0.87 0.85 0.85 0.83 0.82 0.81 0.80 0.79 0.78 0.77 0.76 0.74 0.73 0.72 0.72 0.73 0.74
0.98 0.97 0.95 0.93 0.92 0.91 0.90 0.88 0.87 0.85 0.84 0.83 0.82 0.81 0.79 0.78 0.77 0.75 0.73 0.72 0.71 0.72 0.73
0.99 0.98 0.96 0.94 0.93 0.92 0.91 0.90 0.89 0.87 0.86 0.84 0.83 0.82 0.81 0.79 0.78 0.77 0.74 0.72 0.71 0.71 0.72
1.00 0.99 0.97 0.95 0.94 0.93 0.92 0.91 0.90 0.88 0.87 0.86 0.84 0.83 0.82 0.81 0.79 0.77 0.75 0.73 0.71 0.71 0.71
LUT_ML[:,:,14] = 
0.83 0.82 0.81 0.78 0.77 0.76 0.75 0.74 0.74 0.74 0.73 0.73 0.73 0.74 0.74 0.74 0.74 0.73 0.73 0.73 0.73 0.74 0.75
0.83 0.82 0.81 0.78 0.77 0.76 0.75 0.74 0.73 0.73 0.73 0.73 0.73 0.73 0.73 0.73 0.73 0.73 0.73 0.73 0.73 0.74 0.75
0.83 0.82 0.81 0.78 0.77 0.76 0.74 0.73 0.73 0.73 0.73 0.73 0.73 0.73 0.73 0.73 0.73 0.73 0.73 0.73 0.73 0.74 0.75
0.83 0.82 0.81 0.78 0.76 0.75 0.74 0.73 0.72 0.72 0.72 0.72 0.72 0.72 0.72 0.72 0.72 0.72 0.72 0.72 0.72 0.73 0.74
0.83 0.82 0.80 0.77 0.76 0.75 0.73 0.72 0.71 0.71 0.71 0.71 0.71 0.71 0.71 0.71 0.71 0.71 0.71 0.71 0.71 0.72 0.74
0.83 0.82 0.80 0.77 0.75 0.74 0.73 0.72 0.71 0.70 0.70 0.70 0.70 0.70 0.70 0.70 0.70 0.70 0.70 0.70 0.71 0.73 0.74
0.83 0.82 0.79 0.76 0.75 0.73 0.72 0.71 0.70 0.69 0.69 0.69 0.69 0.69 0.69 0.69 0.70 0.70 0.70 0.71 0.72 0.73 0.75
0.83 0.82 0.79 0.76 0.75 0.74 0.73 0.72 0.71 0.70 0.69 0.69 0.69 0.69 0.69 0.70 0.70 0.70 0.71 0.71 0.72 0.74 0.75
0.84 0.83 0.81 0.79 0.77 0.75 0.74 0.73 0.72 0.71 0.70 0.70 0.70 0.70 0.69 0.70 0.70 0.70 0.71 0.71 0.73 0.74 0.76
0.85 0.84 0.83 0.80 0.79 0.77 0.76 0.75 0.74 0.73 0.72 0.71 0.71 0.71 0.70 0.70 0.70 0.70 0.71 0.71 0.74 0.75 0.77
0.86 0.85 0.83 0.81 0.80 0.78 0.77 0.76 0.75 0.74 0.73 0.72 0.71 0.71 0.71 0.71 0.71 0.71 0.71 0.72 0.74 0.76 0.77
0.87 0.86 0.84 0.82 0.81 0.80 0.78 0.77 0.76 0.75 0.74 0.73 0.72 0.71 0.71 0.71 0.72 0.72 0.72 0.72 0.74 0.76 0.78
0.88 0.87 0.85 0.84 0.82 0.81 0.79 0.78 0.77 0.76 0.75 0.74 0.73 0.72 0.71 0.71 0.71 0.72 0.72 0.73 0.74 0.76 0.78
0.89 0.88 0.86 0.85 0.83 0.82 0.81 0.80 0.79 0.78 0.77 0.76 0.75 0.74 0.73 0.72 0.72 0.72 0.72 0.73 0.75 0.76 0.77
0.91 0.89 0.87 0.86 0.85 0.84 0.82 0.81 0.80 0.79 0.78 0.77 0.76 0.75 0.74 0.73 0.72 0.72 0.72 0.73 0.75 0.75 0.76
0.93 0.91 0.88 0.86 0.86 0.85 0.84 0.83 0.82 0.81 0.80 0.79 0.77 0.76 0.75 0.74 0.73 0.73 0.72 0.73 0.74 0.74 0.75
0.96 0.94 0.90 0.87 0.86 0.86 0.85 0.84 0.83 0.82 0.81 0.80 0.79 0.78 0.77 0.76 0.75 0.74 0.72 0.73 0.73 0.74 0.75
0.98 0.96 0.93 0.90 0.89 0.87 0.86 0.85 0.85 0.84 0.83 0.82 0.81 0.79 0.78 0.77 0.76 0.75 0.73 0.74 0.73 0.73 0.74
0.99 0.98 0.96 0.93 0.92 0.90 0.89 0.87 0.86 0.85 0.84 0.83 0.82 0.81 0.80 0.79 0.78 0.76 0.74 0.73 0.73 0.72 0.72
1.00 0.99 0.97 0.94 0.93 0.92 0.91 0.90 0.89 0.87 0.86 0.85 0.84 0.83 0.81 0.80 0.79 0.77 0.75 0.73 0.73 0.72 0.72
1.01 1.00 0.98 0.95 0.94 0.93 0.92 0.91 0.90 0.89 0.87 0.86 0.85 0.83 0.82 0.81 0.80 0.79 0.76 0.74 0.73 0.72 0.71
