LUT_ML[:,:,0] = 
0.69 0.74 0.78 0.84 0.86 0.89 0.90 0.92 0.94 0.95 0.93 0.92 0.90 0.88 0.86 0.85 0.83 0.82 0.81 0.80 0.79 0.79 0.78
0.69 0.73 0.77 0.84 0.86 0.89 0.90 0.92 0.94 0.95 0.93 0.92 0.90 0.88 0.86 0.85 0.83 0.82 0.81 0.80 0.79 0.79 0.78
0.69 0.73 0.77 0.84 0.86 0.89 0.90 0.93 0.94 0.96 0.94 0.92 0.90 0.88 0.87 0.85 0.83 0.83 0.81 0.80 0.80 0.79 0.79
0.68 0.73 0.77 0.83 0.86 0.88 0.91 0.93 0.95 0.96 0.94 0.92 0.91 0.89 0.87 0.85 0.84 0.83 0.82 0.81 0.80 0.80 0.79
0.66 0.72 0.76 0.82 0.86 0.88 0.91 0.93 0.95 0.96 0.95 0.93 0.91 0.89 0.88 0.86 0.85 0.84 0.83 0.82 0.81 0.81 0.80
0.65 0.71 0.76 0.82 0.86 0.88 0.91 0.93 0.95 0.97 0.95 0.93 0.92 0.90 0.88 0.86 0.85 0.85 0.83 0.83 0.82 0.82 0.81
0.63 0.70 0.75 0.81 0.85 0.88 0.90 0.93 0.96 0.97 0.96 0.94 0.92 0.91 0.89 0.87 0.86 0.85 0.85 0.84 0.83 0.83 0.82
0.60 0.68 0.73 0.79 0.83 0.87 0.90 0.93 0.96 0.98 0.97 0.95 0.94 0.92 0.90 0.88 0.88 0.87 0.87 0.86 0.86 0.85 0.85
0.59 0.65 0.71 0.78 0.82 0.86 0.90 0.93 0.96 0.98 0.98 0.97 0.95 0.93 0.92 0.90 0.90 0.89 0.89 0.88 0.88 0.87 0.87
0.57 0.64 0.69 0.76 0.80 0.85 0.89 0.92 0.96 0.98 0.98 0.97 0.96 0.95 0.93 0.92 0.92 0.92 0.91 0.91 0.90 0.90 0.89
0.56 0.62 0.68 0.74 0.78 0.83 0.87 0.92 0.95 0.98 0.98 0.97 0.97 0.96 0.95 0.94 0.94 0.94 0.93 0.93 0.92 0.92 0.92
0.54 0.60 0.66 0.73 0.76 0.81 0.86 0.90 0.94 0.98 0.99 0.98 0.97 0.96 0.96 0.96 0.96 0.96 0.95 0.95 0.94 0.94 0.94
0.53 0.59 0.65 0.72 0.76 0.79 0.83 0.88 0.93 0.98 0.99 0.98 0.98 0.97 0.97 0.97 0.98 0.98 0.97 0.97 0.97 0.96 0.95
0.53 0.59 0.64 0.71 0.75 0.78 0.82 0.86 0.91 0.96 0.98 0.99 0.98 0.98 0.98 0.99 0.99 0.99 1.00 0.99 0.98 0.98 0.97
0.53 0.59 0.64 0.70 0.73 0.77 0.81 0.85 0.90 0.94 0.96 0.97 0.98 0.99 0.99 1.00 1.00 1.00 1.01 1.01 1.00 1.00 0.99
0.52 0.59 0.63 0.68 0.72 0.75 0.79 0.84 0.89 0.93 0.95 0.95 0.97 0.98 0.99 1.00 1.01 1.01 1.02 1.02 1.02 1.01 1.01
0.50 0.58 0.62 0.66 0.70 0.73 0.77 0.82 0.87 0.91 0.93 0.94 0.95 0.96 0.98 0.99 1.00 1.01 1.02 1.03 1.04 1.03 1.02
0.49 0.55 0.60 0.64 0.68 0.71 0.75 0.80 0.85 0.89 0.91 0.92 0.93 0.95 0.96 0.99 1.00 1.01 1.02 1.04 1.05 1.05 1.04
0.46 0.52 0.57 0.63 0.66 0.70 0.73 0.78 0.82 0.87 0.89 0.90 0.91 0.93 0.95 0.96 0.98 1.00 1.02 1.04 1.05 1.06 1.06
0.44 0.49 0.54 0.60 0.64 0.68 0.71 0.76 0.80 0.85 0.87 0.88 0.90 0.92 0.93 0.95 0.96 0.98 1.01 1.03 1.05 1.06 1.07
0.41 0.46 0.51 0.57 0.61 0.65 0.69 0.73 0.78 0.82 0.85 0.87 0.88 0.90 0.92 0.93 0.95 0.97 0.99 1.02 1.04 1.06 1.08
LUT_ML[:,:,1] = 
0.68 0.73 0.77 0.83 0.86 0.88 0.89 0.91 0.93 0.95 0.93 0.91 0.90 0.88 0.86 0.84 0.83 0.82 0.80 0.79 0.79 0.78 0.78
0.68 0.73 0.77 0.83 0.86 0.88 0.89 0.91 0.93 0.95 0.93 0.91 0.90 0.88 0.86 0.84 0.83 0.82 0.80 0.79 0.79 0.78 0.78
0.68 0.73 0.77 0.83 0.86 0.88 0.89 0.91 0.93 0.95 0.94 0.91 0.90 0.88 0.86 0.85 0.83 0.82 0.81 0.80 0.79 0.78 0.78
0.66 0.72 0.76 0.82 0.85 0.88 0.90 0.92 0.94 0.95 0.94 0.92 0.90 0.88 0.86 0.85 0.83 0.82 0.81 0.80 0.80 0.79 0.79
0.64 0.71 0.76 0.82 0.85 0.88 0.90 0.92 0.94 0.95 0.94 0.92 0.91 0.89 0.87 0.85 0.84 0.83 0.82 0.81 0.80 0.80 0.79
0.62 0.70 0.75 0.81 0.85 0.87 0.90 0.92 0.94 0.96 0.95 0.93 0.91 0.89 0.88 0.86 0.84 0.84 0.82 0.82 0.81 0.81 0.80
0.61 0.68 0.74 0.80 0.84 0.87 0.90 0.93 0.95 0.96 0.95 0.94 0.92 0.90 0.88 0.87 0.85 0.84 0.84 0.83 0.82 0.82 0.81
0.58 0.65 0.72 0.78 0.82 0.86 0.89 0.92 0.95 0.97 0.97 0.95 0.93 0.91 0.89 0.88 0.87 0.86 0.86 0.85 0.85 0.84 0.84
0.56 0.63 0.70 0.77 0.81 0.85 0.89 0.92 0.95 0.97 0.98 0.96 0.94 0.93 0.91 0.90 0.89 0.88 0.88 0.87 0.87 0.86 0.86
0.55 0.61 0.68 0.75 0.79 0.84 0.88 0.92 0.95 0.98 0.98 0.97 0.96 0.94 0.93 0.92 0.91 0.91 0.90 0.90 0.89 0.89 0.88
0.53 0.60 0.66 0.73 0.77 0.82 0.86 0.91 0.94 0.98 0.98 0.98 0.97 0.96 0.95 0.94 0.93 0.93 0.92 0.92 0.91 0.91 0.91
0.52 0.58 0.64 0.71 0.75 0.79 0.84 0.89 0.93 0.98 0.99 0.98 0.97 0.96 0.96 0.96 0.95 0.95 0.94 0.94 0.93 0.93 0.92
0.51 0.57 0.63 0.70 0.74 0.78 0.82 0.87 0.92 0.97 0.99 0.98 0.98 0.97 0.97 0.97 0.97 0.97 0.96 0.96 0.95 0.95 0.94
0.51 0.57 0.62 0.69 0.74 0.77 0.81 0.85 0.90 0.95 0.97 0.98 0.98 0.98 0.98 0.98 0.98 0.99 0.98 0.98 0.97 0.96 0.96
0.51 0.57 0.62 0.68 0.72 0.75 0.80 0.84 0.89 0.93 0.96 0.97 0.98 0.98 0.99 0.99 0.99 0.99 1.00 0.99 0.99 0.98 0.98
0.49 0.57 0.62 0.66 0.70 0.73 0.78 0.82 0.87 0.92 0.95 0.95 0.96 0.97 0.98 0.99 1.00 1.00 1.01 1.01 1.01 1.00 0.99
0.47 0.56 0.60 0.65 0.68 0.72 0.76 0.80 0.85 0.90 0.92 0.93 0.94 0.95 0.97 0.98 0.99 1.00 1.01 1.02 1.02 1.02 1.01
0.46 0.53 0.58 0.63 0.66 0.70 0.74 0.78 0.83 0.87 0.90 0.91 0.92 0.93 0.95 0.97 0.99 1.00 1.01 1.03 1.04 1.03 1.03
0.44 0.50 0.55 0.61 0.64 0.68 0.72 0.76 0.80 0.85 0.88 0.89 0.90 0.92 0.93 0.95 0.97 0.98 1.01 1.02 1.04 1.05 1.05
0.42 0.47 0.52 0.58 0.62 0.66 0.69 0.74 0.78 0.83 0.86 0.87 0.88 0.90 0.92 0.93 0.95 0.97 1.00 1.02 1.04 1.05 1.06
0.40 0.44 0.49 0.55 0.58 0.62 0.67 0.71 0.76 0.80 0.84 0.85 0.87 0.89 0.90 0.92 0.93 0.95 0.98 1.01 1.03 1.05 1.06
LUT_ML[:,:,2] = 
0.66 0.73 0.77 0.83 0.85 0.87 0.89 0.91 0.93 0.94 0.94 0.92 0.89 0.88 0.86 0.84 0.83 0.81 0.80 0.79 0.78 0.77 0.77
0.66 0.73 0.77 0.82 0.85 0.87 0.89 0.91 0.93 0.94 0.94 0.92 0.90 0.88 0.86 0.84 0.83 0.81 0.80 0.79 0.78 0.78 0.77
0.66 0.72 0.77 0.82 0.85 0.87 0.89 0.91 0.93 0.94 0.94 0.92 0.90 0.88 0.86 0.84 0.83 0.81 0.80 0.79 0.78 0.78 0.77
0.64 0.72 0.76 0.82 0.85 0.87 0.89 0.91 0.93 0.94 0.94 0.92 0.90 0.88 0.86 0.85 0.83 0.82 0.80 0.79 0.79 0.79 0.78
0.63 0.70 0.75 0.81 0.84 0.87 0.89 0.91 0.93 0.94 0.94 0.92 0.90 0.88 0.87 0.85 0.83 0.82 0.81 0.80 0.80 0.79 0.79
0.61 0.68 0.74 0.80 0.84 0.87 0.89 0.91 0.93 0.95 0.94 0.92 0.91 0.89 0.87 0.85 0.84 0.83 0.81 0.81 0.81 0.80 0.80
0.59 0.66 0.73 0.79 0.83 0.87 0.89 0.92 0.94 0.95 0.95 0.93 0.91 0.90 0.88 0.86 0.84 0.83 0.83 0.82 0.81 0.81 0.80
0.55 0.63 0.71 0.77 0.81 0.86 0.89 0.92 0.94 0.96 0.96 0.94 0.93 0.91 0.89 0.87 0.86 0.85 0.85 0.84 0.84 0.83 0.83
0.54 0.61 0.68 0.75 0.80 0.84 0.88 0.91 0.94 0.97 0.97 0.96 0.94 0.92 0.91 0.89 0.88 0.87 0.87 0.86 0.86 0.85 0.85
0.52 0.59 0.66 0.73 0.78 0.82 0.87 0.91 0.94 0.97 0.98 0.97 0.96 0.94 0.92 0.91 0.90 0.90 0.89 0.89 0.88 0.88 0.87
0.51 0.57 0.64 0.71 0.76 0.80 0.85 0.90 0.93 0.97 0.98 0.98 0.97 0.96 0.94 0.93 0.92 0.92 0.91 0.91 0.90 0.90 0.89
0.50 0.56 0.63 0.69 0.74 0.78 0.83 0.87 0.92 0.97 0.99 0.98 0.97 0.97 0.96 0.95 0.94 0.94 0.93 0.93 0.92 0.92 0.91
0.49 0.55 0.61 0.67 0.72 0.77 0.81 0.85 0.90 0.95 0.99 0.99 0.98 0.97 0.96 0.96 0.96 0.96 0.95 0.95 0.94 0.93 0.93
0.49 0.55 0.60 0.67 0.71 0.75 0.80 0.84 0.88 0.93 0.97 0.98 0.98 0.98 0.97 0.97 0.98 0.98 0.97 0.96 0.96 0.95 0.94
0.49 0.54 0.60 0.66 0.70 0.74 0.78 0.83 0.87 0.92 0.95 0.96 0.97 0.97 0.97 0.98 0.98 0.99 0.99 0.98 0.97 0.97 0.96
0.47 0.54 0.60 0.65 0.68 0.72 0.76 0.81 0.85 0.90 0.94 0.94 0.95 0.96 0.97 0.98 0.98 0.99 1.00 1.00 0.99 0.99 0.98
0.45 0.54 0.59 0.63 0.66 0.70 0.74 0.79 0.83 0.88 0.91 0.92 0.93 0.94 0.96 0.97 0.98 0.99 1.00 1.01 1.01 1.00 1.00
0.44 0.51 0.57 0.61 0.64 0.68 0.72 0.76 0.81 0.85 0.89 0.90 0.90 0.92 0.94 0.96 0.97 0.99 1.00 1.01 1.03 1.02 1.01
0.42 0.48 0.54 0.59 0.63 0.66 0.69 0.74 0.78 0.83 0.87 0.88 0.89 0.90 0.92 0.94 0.95 0.97 0.99 1.01 1.03 1.04 1.03
0.40 0.45 0.51 0.56 0.60 0.64 0.67 0.72 0.76 0.81 0.85 0.86 0.87 0.89 0.90 0.92 0.94 0.95 0.98 1.00 1.02 1.04 1.04
0.38 0.43 0.48 0.52 0.56 0.60 0.65 0.69 0.74 0.78 0.82 0.84 0.85 0.87 0.89 0.90 0.92 0.94 0.97 0.99 1.01 1.03 1.05
LUT_ML[:,:,3] = 
0.62 0.70 0.76 0.80 0.82 0.84 0.87 0.89 0.91 0.92 0.94 0.92 0.90 0.88 0.86 0.84 0.82 0.80 0.78 0.77 0.76 0.76 0.76
0.61 0.69 0.76 0.80 0.82 0.84 0.87 0.89 0.91 0.92 0.94 0.92 0.90 0.88 0.86 0.84 0.82 0.81 0.78 0.77 0.77 0.76 0.76
0.61 0.69 0.76 0.80 0.82 0.84 0.87 0.89 0.91 0.92 0.94 0.92 0.90 0.88 0.86 0.84 0.82 0.81 0.79 0.77 0.77 0.77 0.77
0.59 0.67 0.75 0.80 0.82 0.85 0.87 0.89 0.91 0.92 0.94 0.92 0.90 0.88 0.86 0.84 0.83 0.81 0.79 0.78 0.77 0.77 0.77
0.58 0.66 0.73 0.80 0.82 0.85 0.87 0.89 0.91 0.93 0.94 0.92 0.90 0.88 0.86 0.85 0.83 0.81 0.79 0.79 0.78 0.78 0.78
0.56 0.63 0.71 0.78 0.82 0.85 0.87 0.89 0.91 0.93 0.94 0.92 0.90 0.89 0.87 0.85 0.83 0.82 0.80 0.79 0.79 0.78 0.78
0.54 0.61 0.69 0.77 0.81 0.85 0.87 0.89 0.91 0.93 0.94 0.93 0.91 0.89 0.87 0.85 0.84 0.82 0.81 0.80 0.80 0.79 0.79
0.51 0.58 0.65 0.74 0.79 0.83 0.87 0.89 0.91 0.93 0.95 0.93 0.91 0.90 0.88 0.86 0.85 0.84 0.82 0.82 0.82 0.81 0.81
0.49 0.55 0.62 0.70 0.76 0.81 0.86 0.90 0.92 0.94 0.96 0.94 0.93 0.91 0.90 0.88 0.86 0.85 0.84 0.84 0.83 0.83 0.83
0.47 0.53 0.60 0.67 0.73 0.79 0.84 0.89 0.92 0.95 0.97 0.96 0.94 0.93 0.91 0.90 0.88 0.87 0.87 0.86 0.85 0.85 0.85
0.45 0.52 0.59 0.65 0.70 0.77 0.82 0.86 0.91 0.95 0.98 0.98 0.96 0.95 0.93 0.91 0.90 0.89 0.89 0.88 0.87 0.87 0.87
0.44 0.50 0.57 0.63 0.68 0.74 0.79 0.84 0.89 0.94 0.98 0.98 0.98 0.96 0.95 0.93 0.92 0.91 0.90 0.89 0.89 0.88 0.88
0.44 0.49 0.56 0.61 0.66 0.73 0.78 0.82 0.86 0.92 0.97 0.98 0.98 0.97 0.96 0.94 0.93 0.93 0.92 0.91 0.91 0.90 0.90
0.43 0.49 0.55 0.61 0.66 0.72 0.76 0.81 0.85 0.90 0.94 0.96 0.97 0.96 0.96 0.96 0.95 0.95 0.94 0.93 0.92 0.92 0.92
0.43 0.49 0.55 0.61 0.66 0.70 0.74 0.79 0.83 0.88 0.92 0.94 0.95 0.96 0.95 0.95 0.96 0.96 0.96 0.95 0.94 0.93 0.93
0.41 0.49 0.55 0.61 0.64 0.68 0.72 0.76 0.81 0.86 0.90 0.92 0.93 0.94 0.94 0.95 0.95 0.96 0.97 0.96 0.96 0.95 0.95
0.40 0.48 0.55 0.59 0.62 0.66 0.70 0.74 0.79 0.83 0.88 0.90 0.90 0.91 0.92 0.94 0.95 0.96 0.97 0.97 0.97 0.97 0.96
0.39 0.46 0.53 0.57 0.60 0.63 0.67 0.71 0.76 0.81 0.85 0.88 0.88 0.89 0.90 0.92 0.94 0.95 0.97 0.98 0.98 0.98 0.98
0.39 0.44 0.50 0.55 0.57 0.61 0.64 0.69 0.74 0.78 0.83 0.85 0.86 0.87 0.89 0.90 0.92 0.94 0.96 0.98 0.99 0.99 0.99
0.38 0.41 0.47 0.51 0.54 0.58 0.62 0.66 0.71 0.76 0.81 0.83 0.84 0.85 0.87 0.89 0.90 0.92 0.95 0.97 0.99 1.00 1.00
0.36 0.39 0.45 0.48 0.51 0.55 0.59 0.64 0.68 0.74 0.78 0.81 0.82 0.84 0.85 0.87 0.89 0.90 0.94 0.96 0.98 0.99 1.00
LUT_ML[:,:,4] = 
0.67 0.70 0.72 0.73 0.74 0.77 0.80 0.83 0.85 0.87 0.90 0.92 0.90 0.88 0.86 0.84 0.82 0.80 0.77 0.75 0.75 0.75 0.76
0.66 0.70 0.72 0.73 0.74 0.77 0.80 0.83 0.85 0.87 0.90 0.92 0.90 0.88 0.86 0.84 0.82 0.80 0.77 0.75 0.75 0.75 0.76
0.66 0.70 0.72 0.73 0.74 0.77 0.80 0.83 0.85 0.87 0.90 0.92 0.91 0.88 0.86 0.84 0.82 0.80 0.77 0.75 0.75 0.76 0.76
0.64 0.69 0.71 0.72 0.74 0.77 0.80 0.83 0.85 0.87 0.90 0.92 0.91 0.89 0.86 0.84 0.82 0.80 0.77 0.76 0.76 0.76 0.77
0.62 0.68 0.71 0.72 0.74 0.77 0.80 0.83 0.85 0.87 0.90 0.92 0.91 0.89 0.87 0.85 0.82 0.80 0.77 0.76 0.76 0.77 0.77
0.61 0.66 0.70 0.72 0.74 0.77 0.80 0.83 0.85 0.87 0.90 0.92 0.91 0.89 0.87 0.85 0.83 0.81 0.78 0.77 0.77 0.77 0.78
0.60 0.64 0.69 0.72 0.73 0.77 0.80 0.83 0.86 0.88 0.90 0.92 0.91 0.89 0.87 0.85 0.83 0.82 0.79 0.77 0.78 0.78 0.78
0.57 0.61 0.66 0.71 0.73 0.76 0.80 0.83 0.86 0.88 0.91 0.93 0.92 0.90 0.88 0.86 0.84 0.83 0.80 0.79 0.79 0.79 0.79
0.55 0.59 0.63 0.68 0.71 0.75 0.79 0.83 0.85 0.88 0.91 0.93 0.92 0.91 0.89 0.87 0.86 0.84 0.81 0.80 0.80 0.80 0.80
0.53 0.57 0.61 0.65 0.68 0.73 0.79 0.83 0.85 0.88 0.91 0.94 0.93 0.91 0.90 0.88 0.86 0.85 0.82 0.81 0.81 0.81 0.82
0.52 0.56 0.59 0.64 0.65 0.70 0.77 0.82 0.85 0.88 0.90 0.93 0.93 0.92 0.90 0.89 0.87 0.86 0.84 0.83 0.83 0.83 0.83
0.52 0.55 0.58 0.62 0.64 0.69 0.76 0.79 0.83 0.87 0.89 0.92 0.93 0.91 0.90 0.89 0.87 0.86 0.84 0.84 0.84 0.84 0.84
0.52 0.54 0.58 0.61 0.64 0.69 0.74 0.77 0.80 0.84 0.88 0.92 0.93 0.92 0.90 0.89 0.87 0.86 0.85 0.85 0.85 0.85 0.86
0.51 0.54 0.57 0.61 0.65 0.68 0.71 0.75 0.78 0.82 0.86 0.90 0.93 0.92 0.91 0.89 0.88 0.87 0.86 0.86 0.86 0.87 0.87
0.50 0.54 0.58 0.62 0.64 0.66 0.69 0.72 0.76 0.80 0.84 0.88 0.90 0.92 0.91 0.90 0.88 0.88 0.87 0.87 0.87 0.88 0.88
0.49 0.55 0.59 0.61 0.62 0.63 0.66 0.70 0.74 0.78 0.82 0.85 0.88 0.89 0.90 0.90 0.89 0.89 0.88 0.88 0.88 0.88 0.89
0.48 0.54 0.58 0.59 0.60 0.61 0.64 0.68 0.72 0.76 0.80 0.83 0.86 0.86 0.87 0.88 0.89 0.89 0.89 0.89 0.89 0.89 0.90
0.47 0.51 0.55 0.57 0.58 0.59 0.62 0.65 0.69 0.74 0.78 0.81 0.84 0.84 0.85 0.85 0.87 0.88 0.89 0.89 0.90 0.90 0.91
0.45 0.48 0.53 0.55 0.56 0.57 0.60 0.63 0.67 0.71 0.76 0.80 0.82 0.82 0.83 0.84 0.85 0.87 0.89 0.89 0.90 0.91 0.91
0.43 0.46 0.50 0.52 0.53 0.54 0.58 0.61 0.65 0.69 0.73 0.78 0.80 0.81 0.81 0.82 0.84 0.85 0.88 0.90 0.90 0.91 0.92
0.41 0.44 0.47 0.49 0.50 0.52 0.54 0.58 0.63 0.67 0.71 0.76 0.78 0.79 0.80 0.81 0.82 0.84 0.87 0.90 0.91 0.91 0.92
LUT_ML[:,:,5] = 
0.70 0.71 0.72 0.72 0.73 0.74 0.77 0.80 0.83 0.85 0.87 0.90 0.92 0.91 0.89 0.87 0.85 0.83 0.79 0.76 0.75 0.74 0.74
0.70 0.71 0.71 0.72 0.73 0.74 0.77 0.80 0.83 0.85 0.87 0.90 0.92 0.91 0.89 0.87 0.85 0.83 0.79 0.76 0.75 0.74 0.74
0.70 0.71 0.71 0.72 0.73 0.74 0.77 0.80 0.83 0.85 0.87 0.90 0.92 0.91 0.89 0.87 0.85 0.83 0.79 0.76 0.75 0.74 0.74
0.70 0.70 0.71 0.71 0.73 0.74 0.77 0.80 0.83 0.85 0.88 0.90 0.92 0.92 0.89 0.87 0.85 0.83 0.79 0.76 0.75 0.75 0.75
0.70 0.70 0.71 0.71 0.73 0.74 0.77 0.80 0.83 0.86 0.88 0.90 0.92 0.92 0.89 0.87 0.85 0.83 0.79 0.76 0.75 0.75 0.75
0.69 0.69 0.70 0.71 0.72 0.74 0.77 0.80 0.84 0.86 0.88 0.90 0.92 0.92 0.90 0.87 0.85 0.83 0.79 0.76 0.76 0.75 0.76
0.68 0.70 0.70 0.71 0.72 0.74 0.76 0.81 0.84 0.86 0.88 0.91 0.93 0.92 0.90 0.88 0.85 0.83 0.79 0.77 0.76 0.76 0.76
0.66 0.69 0.70 0.71 0.72 0.73 0.76 0.81 0.84 0.86 0.89 0.91 0.93 0.93 0.91 0.88 0.86 0.84 0.80 0.78 0.77 0.77 0.77
0.63 0.66 0.71 0.71 0.71 0.73 0.77 0.81 0.83 0.86 0.88 0.91 0.93 0.93 0.91 0.89 0.87 0.84 0.80 0.78 0.77 0.77 0.78
0.62 0.65 0.69 0.72 0.71 0.72 0.77 0.81 0.83 0.86 0.88 0.91 0.93 0.93 0.91 0.89 0.87 0.85 0.81 0.80 0.78 0.78 0.79
0.61 0.65 0.68 0.72 0.73 0.74 0.78 0.81 0.83 0.85 0.88 0.90 0.92 0.93 0.91 0.89 0.87 0.85 0.82 0.80 0.80 0.80 0.80
0.61 0.64 0.67 0.71 0.73 0.76 0.78 0.80 0.82 0.85 0.87 0.89 0.92 0.92 0.91 0.89 0.87 0.85 0.82 0.81 0.80 0.80 0.81
0.61 0.64 0.67 0.70 0.73 0.74 0.77 0.80 0.82 0.84 0.86 0.89 0.91 0.92 0.90 0.89 0.87 0.85 0.82 0.82 0.81 0.81 0.81
0.60 0.63 0.67 0.70 0.71 0.72 0.74 0.77 0.80 0.83 0.85 0.88 0.90 0.91 0.90 0.88 0.87 0.85 0.83 0.82 0.82 0.81 0.82
0.57 0.63 0.66 0.68 0.69 0.70 0.71 0.74 0.78 0.82 0.85 0.87 0.90 0.91 0.89 0.88 0.87 0.86 0.84 0.83 0.83 0.82 0.83
0.56 0.61 0.65 0.67 0.67 0.68 0.69 0.72 0.76 0.79 0.83 0.87 0.90 0.91 0.89 0.88 0.86 0.85 0.84 0.84 0.84 0.83 0.83
0.54 0.59 0.63 0.65 0.65 0.65 0.66 0.70 0.73 0.77 0.81 0.85 0.89 0.91 0.90 0.88 0.86 0.85 0.85 0.85 0.84 0.84 0.84
0.52 0.56 0.61 0.62 0.63 0.63 0.64 0.67 0.71 0.75 0.79 0.83 0.87 0.90 0.90 0.89 0.87 0.86 0.85 0.85 0.85 0.85 0.85
0.50 0.54 0.58 0.59 0.60 0.61 0.62 0.65 0.69 0.73 0.77 0.81 0.85 0.88 0.88 0.88 0.88 0.87 0.85 0.85 0.85 0.85 0.85
0.48 0.52 0.55 0.56 0.57 0.58 0.60 0.63 0.67 0.71 0.75 0.79 0.83 0.86 0.86 0.86 0.87 0.87 0.86 0.86 0.86 0.86 0.86
0.46 0.50 0.53 0.54 0.55 0.55 0.57 0.60 0.64 0.69 0.73 0.77 0.81 0.84 0.85 0.85 0.85 0.86 0.88 0.87 0.86 0.86 0.86
LUT_ML[:,:,6] = 
0.73 0.73 0.73 0.72 0.73 0.74 0.74 0.76 0.80 0.83 0.85 0.87 0.89 0.91 0.93 0.94 0.93 0.90 0.86 0.82 0.78 0.77 0.75
0.73 0.73 0.73 0.72 0.73 0.73 0.74 0.76 0.80 0.83 0.85 0.87 0.89 0.91 0.93 0.94 0.93 0.90 0.86 0.82 0.78 0.77 0.75
0.73 0.73 0.73 0.72 0.73 0.73 0.74 0.76 0.80 0.83 0.85 0.87 0.89 0.91 0.93 0.94 0.92 0.90 0.86 0.82 0.78 0.77 0.75
0.73 0.73 0.72 0.72 0.72 0.73 0.74 0.77 0.80 0.83 0.85 0.87 0.89 0.91 0.93 0.94 0.92 0.90 0.86 0.82 0.79 0.77 0.75
0.74 0.73 0.72 0.71 0.71 0.72 0.74 0.77 0.80 0.83 0.85 0.87 0.89 0.91 0.93 0.94 0.92 0.90 0.86 0.82 0.79 0.77 0.76
0.74 0.73 0.72 0.71 0.71 0.72 0.74 0.77 0.80 0.83 0.85 0.87 0.89 0.91 0.93 0.94 0.92 0.90 0.86 0.82 0.79 0.77 0.76
0.74 0.73 0.72 0.70 0.70 0.72 0.74 0.78 0.80 0.83 0.85 0.87 0.89 0.91 0.93 0.94 0.92 0.91 0.86 0.82 0.79 0.77 0.76
0.75 0.74 0.72 0.71 0.71 0.72 0.75 0.78 0.80 0.82 0.84 0.87 0.89 0.91 0.93 0.94 0.93 0.91 0.87 0.82 0.79 0.78 0.77
0.76 0.75 0.74 0.72 0.72 0.74 0.76 0.78 0.79 0.81 0.84 0.86 0.88 0.91 0.93 0.95 0.93 0.91 0.87 0.83 0.80 0.78 0.78
0.77 0.77 0.76 0.75 0.75 0.77 0.77 0.78 0.79 0.81 0.83 0.86 0.88 0.90 0.93 0.95 0.93 0.91 0.87 0.83 0.81 0.79 0.79
0.78 0.78 0.78 0.77 0.77 0.77 0.78 0.78 0.78 0.80 0.82 0.85 0.87 0.90 0.92 0.94 0.93 0.91 0.87 0.83 0.81 0.81 0.80
0.77 0.79 0.78 0.78 0.78 0.78 0.78 0.77 0.78 0.79 0.81 0.83 0.86 0.89 0.91 0.94 0.92 0.91 0.87 0.83 0.82 0.81 0.81
0.75 0.78 0.79 0.79 0.78 0.78 0.77 0.77 0.77 0.79 0.81 0.83 0.85 0.87 0.90 0.92 0.91 0.90 0.87 0.84 0.83 0.82 0.82
0.72 0.77 0.79 0.79 0.78 0.78 0.77 0.76 0.76 0.78 0.81 0.83 0.85 0.87 0.89 0.91 0.90 0.89 0.86 0.84 0.83 0.83 0.82
0.69 0.74 0.77 0.79 0.78 0.77 0.76 0.76 0.76 0.78 0.80 0.82 0.84 0.86 0.88 0.90 0.89 0.87 0.85 0.84 0.84 0.84 0.83
0.66 0.71 0.75 0.77 0.78 0.77 0.76 0.75 0.75 0.77 0.79 0.82 0.84 0.86 0.88 0.90 0.89 0.87 0.84 0.84 0.84 0.84 0.84
0.64 0.68 0.72 0.75 0.76 0.76 0.76 0.75 0.75 0.77 0.79 0.82 0.84 0.86 0.89 0.91 0.89 0.87 0.84 0.84 0.85 0.84 0.84
0.62 0.66 0.70 0.72 0.73 0.74 0.74 0.75 0.76 0.77 0.79 0.82 0.84 0.87 0.89 0.91 0.90 0.88 0.85 0.84 0.85 0.85 0.85
0.60 0.65 0.68 0.69 0.70 0.71 0.72 0.73 0.74 0.77 0.79 0.82 0.84 0.87 0.89 0.91 0.90 0.89 0.86 0.85 0.85 0.85 0.85
0.59 0.64 0.66 0.67 0.67 0.68 0.69 0.70 0.72 0.75 0.79 0.82 0.84 0.87 0.89 0.92 0.91 0.90 0.87 0.86 0.85 0.85 0.86
0.58 0.62 0.64 0.65 0.65 0.66 0.67 0.67 0.69 0.73 0.77 0.81 0.84 0.87 0.89 0.92 0.91 0.90 0.89 0.88 0.87 0.86 0.86
LUT_ML[:,:,7] = 
0.75 0.75 0.74 0.74 0.74 0.74 0.76 0.79 0.81 0.81 0.82 0.84 0.86 0.88 0.90 0.91 0.93 0.95 0.92 0.89 0.84 0.82 0.80
0.75 0.75 0.75 0.74 0.74 0.74 0.76 0.79 0.81 0.81 0.82 0.84 0.86 0.88 0.90 0.91 0.93 0.95 0.92 0.89 0.84 0.81 0.80
0.75 0.75 0.75 0.74 0.74 0.74 0.76 0.79 0.81 0.81 0.82 0.84 0.86 0.88 0.89 0.91 0.93 0.95 0.92 0.89 0.84 0.81 0.80
0.75 0.76 0.75 0.74 0.73 0.74 0.77 0.79 0.81 0.81 0.82 0.84 0.86 0.87 0.89 0.91 0.93 0.95 0.92 0.89 0.84 0.81 0.79
0.75 0.76 0.75 0.74 0.73 0.74 0.77 0.79 0.81 0.81 0.82 0.84 0.85 0.87 0.89 0.91 0.93 0.95 0.92 0.89 0.84 0.81 0.79
0.75 0.76 0.76 0.74 0.73 0.74 0.77 0.79 0.80 0.81 0.82 0.83 0.85 0.87 0.89 0.91 0.93 0.95 0.92 0.89 0.85 0.81 0.79
0.75 0.76 0.76 0.74 0.73 0.74 0.77 0.79 0.80 0.80 0.81 0.83 0.85 0.87 0.89 0.91 0.93 0.95 0.92 0.89 0.85 0.81 0.80
0.76 0.77 0.77 0.75 0.75 0.77 0.77 0.77 0.78 0.79 0.79 0.82 0.84 0.86 0.89 0.91 0.93 0.95 0.92 0.89 0.85 0.82 0.80
0.77 0.78 0.78 0.78 0.78 0.77 0.77 0.77 0.77 0.77 0.78 0.80 0.83 0.86 0.88 0.91 0.93 0.95 0.93 0.89 0.85 0.82 0.81
0.79 0.79 0.79 0.79 0.79 0.78 0.78 0.77 0.77 0.77 0.77 0.79 0.82 0.84 0.87 0.90 0.92 0.95 0.93 0.90 0.86 0.84 0.82
0.80 0.80 0.80 0.79 0.79 0.79 0.78 0.77 0.77 0.76 0.76 0.78 0.80 0.83 0.86 0.88 0.91 0.94 0.92 0.89 0.86 0.84 0.83
0.81 0.81 0.80 0.80 0.79 0.79 0.78 0.77 0.76 0.76 0.76 0.78 0.80 0.82 0.84 0.87 0.90 0.92 0.91 0.88 0.86 0.84 0.83
0.80 0.81 0.81 0.80 0.80 0.79 0.78 0.77 0.76 0.75 0.76 0.78 0.80 0.82 0.84 0.86 0.88 0.91 0.90 0.87 0.85 0.85 0.84
0.79 0.81 0.81 0.80 0.79 0.78 0.77 0.77 0.76 0.75 0.76 0.78 0.80 0.82 0.84 0.86 0.88 0.90 0.89 0.86 0.85 0.85 0.84
0.78 0.80 0.81 0.80 0.79 0.78 0.77 0.76 0.76 0.75 0.76 0.77 0.79 0.81 0.83 0.85 0.87 0.89 0.88 0.85 0.84 0.85 0.84
0.77 0.79 0.80 0.79 0.79 0.78 0.77 0.76 0.75 0.75 0.75 0.77 0.79 0.81 0.83 0.85 0.87 0.89 0.87 0.84 0.84 0.84 0.84
0.74 0.79 0.79 0.78 0.78 0.77 0.76 0.75 0.75 0.75 0.74 0.76 0.79 0.81 0.83 0.85 0.87 0.89 0.87 0.84 0.84 0.84 0.84
0.73 0.77 0.79 0.78 0.77 0.77 0.76 0.75 0.75 0.74 0.74 0.76 0.78 0.81 0.83 0.85 0.87 0.89 0.87 0.85 0.84 0.84 0.85
0.71 0.76 0.78 0.78 0.77 0.76 0.76 0.75 0.74 0.75 0.75 0.76 0.79 0.81 0.83 0.86 0.88 0.90 0.88 0.86 0.85 0.84 0.85
0.70 0.75 0.77 0.78 0.77 0.76 0.76 0.75 0.74 0.75 0.75 0.77 0.79 0.81 0.84 0.86 0.88 0.91 0.89 0.87 0.86 0.85 0.85
0.69 0.73 0.75 0.76 0.76 0.77 0.76 0.75 0.74 0.74 0.75 0.77 0.80 0.82 0.84 0.87 0.89 0.91 0.90 0.88 0.87 0.87 0.86
LUT_ML[:,:,8] = 
0.73 0.74 0.74 0.75 0.75 0.76 0.77 0.79 0.80 0.82 0.82 0.83 0.84 0.84 0.85 0.86 0.88 0.89 0.93 0.96 0.93 0.90 0.87
0.73 0.74 0.75 0.75 0.75 0.76 0.77 0.79 0.80 0.81 0.82 0.83 0.83 0.84 0.85 0.86 0.88 0.89 0.93 0.96 0.93 0.90 0.87
0.74 0.74 0.75 0.75 0.75 0.76 0.77 0.79 0.80 0.81 0.82 0.83 0.83 0.84 0.85 0.86 0.87 0.89 0.93 0.96 0.93 0.90 0.87
0.74 0.75 0.75 0.75 0.76 0.77 0.78 0.79 0.80 0.81 0.82 0.82 0.82 0.83 0.84 0.86 0.87 0.89 0.93 0.95 0.93 0.90 0.87
0.74 0.75 0.75 0.76 0.76 0.77 0.78 0.79 0.79 0.80 0.81 0.81 0.81 0.82 0.83 0.85 0.87 0.89 0.92 0.95 0.92 0.90 0.87
0.75 0.76 0.76 0.76 0.77 0.78 0.78 0.79 0.79 0.79 0.80 0.80 0.80 0.81 0.82 0.84 0.86 0.89 0.93 0.96 0.92 0.89 0.86
0.75 0.76 0.76 0.77 0.78 0.78 0.78 0.78 0.79 0.78 0.78 0.78 0.79 0.80 0.82 0.84 0.86 0.88 0.93 0.96 0.93 0.89 0.86
0.76 0.77 0.78 0.78 0.78 0.78 0.78 0.78 0.78 0.77 0.77 0.77 0.77 0.79 0.80 0.82 0.85 0.87 0.92 0.96 0.93 0.89 0.86
0.78 0.79 0.80 0.80 0.80 0.79 0.79 0.78 0.77 0.77 0.76 0.76 0.76 0.77 0.79 0.81 0.83 0.86 0.91 0.95 0.93 0.90 0.87
0.80 0.81 0.81 0.81 0.81 0.80 0.79 0.78 0.77 0.76 0.76 0.76 0.76 0.76 0.77 0.79 0.82 0.85 0.90 0.94 0.92 0.89 0.87
0.81 0.82 0.82 0.82 0.82 0.81 0.79 0.78 0.77 0.76 0.75 0.75 0.76 0.76 0.77 0.79 0.81 0.83 0.88 0.93 0.91 0.88 0.87
0.81 0.82 0.83 0.82 0.82 0.81 0.79 0.78 0.77 0.76 0.75 0.75 0.75 0.76 0.76 0.78 0.80 0.82 0.87 0.92 0.90 0.87 0.86
0.81 0.82 0.83 0.83 0.82 0.80 0.79 0.78 0.77 0.76 0.75 0.74 0.75 0.75 0.76 0.78 0.80 0.82 0.86 0.90 0.89 0.86 0.86
0.80 0.81 0.82 0.82 0.81 0.80 0.79 0.78 0.77 0.76 0.75 0.74 0.74 0.75 0.76 0.78 0.80 0.82 0.86 0.89 0.88 0.86 0.86
0.80 0.81 0.82 0.81 0.80 0.80 0.78 0.77 0.76 0.75 0.74 0.74 0.74 0.75 0.76 0.78 0.80 0.82 0.86 0.89 0.86 0.85 0.85
0.79 0.80 0.81 0.80 0.79 0.79 0.78 0.77 0.76 0.75 0.74 0.74 0.74 0.75 0.76 0.78 0.80 0.82 0.86 0.89 0.86 0.85 0.85
0.79 0.80 0.80 0.79 0.79 0.78 0.77 0.77 0.76 0.76 0.75 0.74 0.74 0.75 0.75 0.78 0.80 0.82 0.86 0.90 0.87 0.85 0.85
0.80 0.80 0.79 0.78 0.78 0.77 0.76 0.76 0.75 0.75 0.75 0.75 0.74 0.75 0.76 0.78 0.80 0.82 0.86 0.90 0.88 0.86 0.85
0.81 0.81 0.80 0.78 0.77 0.76 0.76 0.75 0.74 0.74 0.74 0.75 0.75 0.76 0.77 0.79 0.81 0.83 0.87 0.91 0.89 0.88 0.86
0.83 0.82 0.80 0.79 0.78 0.77 0.76 0.75 0.74 0.74 0.74 0.75 0.75 0.77 0.78 0.80 0.82 0.84 0.88 0.91 0.90 0.89 0.87
0.84 0.83 0.81 0.79 0.78 0.78 0.77 0.76 0.75 0.74 0.74 0.75 0.75 0.77 0.78 0.81 0.83 0.85 0.89 0.92 0.91 0.90 0.89
LUT_ML[:,:,9] = 
0.74 0.74 0.74 0.74 0.74 0.75 0.75 0.76 0.76 0.77 0.78 0.79 0.79 0.80 0.81 0.82 0.83 0.85 0.90 0.94 0.97 0.94 0.91
0.74 0.74 0.74 0.74 0.74 0.75 0.75 0.76 0.76 0.77 0.78 0.79 0.79 0.80 0.81 0.82 0.83 0.85 0.89 0.94 0.97 0.94 0.91
0.74 0.74 0.74 0.74 0.74 0.75 0.75 0.76 0.76 0.77 0.78 0.78 0.79 0.79 0.80 0.82 0.83 0.85 0.89 0.93 0.97 0.94 0.91
0.74 0.74 0.74 0.74 0.75 0.75 0.76 0.76 0.76 0.77 0.77 0.78 0.78 0.79 0.80 0.81 0.82 0.84 0.89 0.93 0.97 0.94 0.91
0.74 0.74 0.74 0.75 0.75 0.75 0.76 0.76 0.76 0.77 0.77 0.77 0.77 0.78 0.80 0.81 0.82 0.84 0.88 0.92 0.97 0.94 0.91
0.74 0.74 0.74 0.75 0.75 0.76 0.76 0.76 0.76 0.77 0.77 0.76 0.77 0.78 0.79 0.80 0.81 0.83 0.87 0.92 0.96 0.94 0.91
0.74 0.75 0.75 0.75 0.76 0.76 0.76 0.76 0.76 0.77 0.76 0.76 0.76 0.77 0.78 0.79 0.80 0.83 0.87 0.91 0.96 0.93 0.90
0.75 0.76 0.76 0.77 0.77 0.77 0.78 0.78 0.77 0.77 0.77 0.77 0.77 0.77 0.77 0.78 0.79 0.82 0.86 0.90 0.95 0.93 0.89
0.77 0.77 0.78 0.79 0.79 0.79 0.79 0.78 0.78 0.77 0.77 0.76 0.76 0.77 0.77 0.77 0.78 0.80 0.85 0.89 0.94 0.92 0.89
0.78 0.79 0.81 0.81 0.81 0.80 0.80 0.79 0.78 0.77 0.76 0.75 0.76 0.76 0.76 0.77 0.77 0.79 0.83 0.88 0.93 0.92 0.89
0.80 0.81 0.83 0.82 0.82 0.81 0.80 0.79 0.78 0.77 0.76 0.75 0.75 0.76 0.76 0.76 0.77 0.78 0.82 0.87 0.92 0.91 0.88
0.81 0.82 0.83 0.83 0.82 0.81 0.80 0.78 0.77 0.76 0.75 0.74 0.75 0.75 0.76 0.76 0.76 0.78 0.81 0.86 0.91 0.90 0.87
0.81 0.82 0.83 0.83 0.83 0.81 0.80 0.78 0.77 0.76 0.75 0.74 0.74 0.75 0.75 0.76 0.76 0.78 0.81 0.85 0.90 0.88 0.86
0.81 0.82 0.83 0.82 0.81 0.81 0.80 0.78 0.77 0.76 0.75 0.74 0.74 0.74 0.75 0.75 0.76 0.77 0.81 0.85 0.89 0.87 0.86
0.81 0.82 0.82 0.81 0.80 0.80 0.79 0.78 0.77 0.76 0.75 0.74 0.74 0.74 0.74 0.75 0.75 0.77 0.81 0.85 0.89 0.86 0.86
0.81 0.81 0.81 0.80 0.80 0.79 0.78 0.77 0.77 0.76 0.75 0.74 0.74 0.74 0.74 0.74 0.75 0.77 0.81 0.85 0.89 0.87 0.85
0.80 0.81 0.80 0.79 0.79 0.78 0.78 0.77 0.76 0.76 0.76 0.75 0.74 0.74 0.74 0.75 0.76 0.77 0.81 0.86 0.90 0.88 0.87
0.81 0.81 0.80 0.79 0.78 0.78 0.77 0.76 0.75 0.75 0.75 0.75 0.75 0.74 0.75 0.76 0.77 0.78 0.82 0.86 0.90 0.89 0.88
0.82 0.82 0.80 0.78 0.77 0.77 0.76 0.75 0.75 0.75 0.74 0.74 0.75 0.75 0.76 0.77 0.78 0.79 0.83 0.87 0.91 0.90 0.89
0.84 0.82 0.80 0.78 0.78 0.77 0.76 0.75 0.74 0.74 0.74 0.74 0.74 0.75 0.76 0.78 0.79 0.80 0.84 0.88 0.91 0.91 0.90
0.85 0.83 0.81 0.79 0.78 0.77 0.77 0.76 0.75 0.74 0.74 0.74 0.75 0.76 0.76 0.78 0.80 0.82 0.85 0.89 0.92 0.92 0.92
LUT_ML[:,:,10] = 
0.75 0.75 0.75 0.75 0.75 0.75 0.75 0.75 0.76 0.76 0.76 0.76 0.76 0.77 0.77 0.78 0.79 0.80 0.83 0.87 0.92 0.96 0.95
0.75 0.75 0.75 0.75 0.75 0.75 0.75 0.75 0.76 0.76 0.76 0.76 0.76 0.76 0.77 0.78 0.79 0.80 0.83 0.87 0.91 0.96 0.95
0.75 0.75 0.75 0.75 0.75 0.75 0.75 0.75 0.75 0.76 0.76 0.76 0.76 0.76 0.77 0.78 0.79 0.80 0.82 0.87 0.91 0.96 0.95
0.75 0.75 0.75 0.75 0.75 0.75 0.75 0.75 0.75 0.76 0.76 0.76 0.75 0.75 0.76 0.77 0.78 0.79 0.82 0.86 0.91 0.95 0.94
0.76 0.75 0.75 0.75 0.75 0.75 0.75 0.75 0.75 0.75 0.76 0.75 0.75 0.75 0.75 0.76 0.77 0.78 0.81 0.86 0.90 0.95 0.93
0.76 0.75 0.75 0.75 0.75 0.75 0.75 0.75 0.75 0.75 0.75 0.75 0.74 0.75 0.75 0.76 0.77 0.78 0.81 0.85 0.90 0.94 0.93
0.76 0.75 0.75 0.76 0.75 0.75 0.75 0.75 0.75 0.75 0.75 0.75 0.74 0.75 0.75 0.76 0.77 0.78 0.81 0.84 0.89 0.93 0.92
0.76 0.75 0.75 0.76 0.76 0.76 0.76 0.76 0.76 0.75 0.75 0.75 0.75 0.75 0.76 0.76 0.77 0.77 0.80 0.84 0.88 0.92 0.91
0.76 0.77 0.77 0.77 0.77 0.77 0.77 0.77 0.77 0.76 0.75 0.75 0.75 0.76 0.76 0.77 0.77 0.77 0.79 0.84 0.88 0.91 0.90
0.77 0.78 0.79 0.79 0.79 0.79 0.79 0.78 0.77 0.76 0.76 0.75 0.75 0.76 0.76 0.76 0.77 0.77 0.79 0.83 0.87 0.91 0.90
0.78 0.79 0.81 0.82 0.81 0.80 0.79 0.78 0.78 0.77 0.76 0.75 0.75 0.75 0.76 0.76 0.76 0.77 0.78 0.82 0.86 0.90 0.90
0.79 0.80 0.82 0.82 0.82 0.81 0.80 0.79 0.78 0.77 0.76 0.75 0.74 0.75 0.75 0.76 0.76 0.76 0.78 0.81 0.84 0.89 0.89
0.81 0.81 0.82 0.82 0.82 0.81 0.80 0.79 0.78 0.77 0.76 0.75 0.74 0.74 0.75 0.75 0.76 0.76 0.78 0.81 0.84 0.88 0.88
0.81 0.82 0.82 0.82 0.81 0.80 0.80 0.79 0.78 0.77 0.76 0.75 0.74 0.74 0.74 0.75 0.75 0.76 0.77 0.80 0.84 0.88 0.87
0.81 0.82 0.82 0.81 0.80 0.80 0.79 0.78 0.77 0.77 0.76 0.75 0.74 0.74 0.74 0.74 0.75 0.75 0.77 0.80 0.84 0.88 0.87
0.81 0.82 0.81 0.80 0.80 0.79 0.78 0.78 0.77 0.76 0.76 0.75 0.74 0.74 0.74 0.74 0.75 0.75 0.77 0.80 0.84 0.89 0.88
0.81 0.81 0.80 0.79 0.79 0.78 0.78 0.77 0.76 0.76 0.76 0.75 0.75 0.74 0.75 0.75 0.75 0.76 0.78 0.81 0.85 0.89 0.89
0.82 0.81 0.80 0.79 0.78 0.78 0.77 0.76 0.76 0.75 0.75 0.75 0.74 0.75 0.75 0.75 0.76 0.77 0.79 0.82 0.86 0.90 0.90
0.83 0.82 0.79 0.78 0.77 0.77 0.76 0.76 0.75 0.75 0.75 0.74 0.74 0.74 0.75 0.76 0.77 0.78 0.80 0.84 0.87 0.91 0.91
0.84 0.83 0.80 0.78 0.77 0.77 0.76 0.75 0.74 0.74 0.74 0.74 0.74 0.74 0.75 0.76 0.77 0.79 0.81 0.85 0.88 0.92 0.92
0.86 0.84 0.81 0.79 0.78 0.77 0.77 0.76 0.75 0.74 0.74 0.74 0.74 0.75 0.75 0.76 0.78 0.79 0.82 0.86 0.89 0.93 0.94
LUT_ML[:,:,11] = 
0.76 0.76 0.75 0.75 0.74 0.74 0.74 0.74 0.74 0.75 0.75 0.75 0.76 0.75 0.75 0.76 0.77 0.78 0.81 0.83 0.87 0.91 0.95
0.76 0.76 0.75 0.75 0.74 0.74 0.74 0.74 0.74 0.75 0.75 0.75 0.75 0.75 0.75 0.76 0.77 0.78 0.80 0.83 0.87 0.91 0.95
0.76 0.76 0.75 0.75 0.74 0.74 0.74 0.74 0.74 0.75 0.75 0.75 0.75 0.75 0.75 0.76 0.77 0.78 0.80 0.83 0.87 0.90 0.94
0.76 0.76 0.75 0.75 0.74 0.74 0.74 0.74 0.74 0.75 0.75 0.75 0.75 0.74 0.74 0.75 0.76 0.77 0.79 0.82 0.86 0.90 0.94
0.76 0.76 0.75 0.75 0.74 0.74 0.74 0.74 0.74 0.74 0.75 0.75 0.74 0.74 0.74 0.75 0.75 0.76 0.79 0.81 0.85 0.89 0.93
0.76 0.76 0.75 0.75 0.74 0.74 0.74 0.74 0.74 0.74 0.74 0.74 0.74 0.74 0.74 0.75 0.75 0.75 0.78 0.80 0.84 0.88 0.92
0.76 0.76 0.76 0.75 0.74 0.74 0.74 0.74 0.74 0.74 0.74 0.74 0.74 0.74 0.74 0.75 0.75 0.75 0.77 0.79 0.83 0.87 0.91
0.76 0.76 0.76 0.76 0.75 0.75 0.75 0.75 0.76 0.75 0.74 0.74 0.74 0.74 0.74 0.75 0.75 0.75 0.76 0.78 0.81 0.85 0.90
0.77 0.78 0.78 0.77 0.77 0.77 0.77 0.77 0.76 0.75 0.75 0.74 0.74 0.74 0.74 0.75 0.75 0.75 0.76 0.77 0.80 0.84 0.88
0.78 0.79 0.79 0.79 0.79 0.79 0.78 0.78 0.77 0.76 0.75 0.74 0.74 0.74 0.74 0.75 0.75 0.75 0.76 0.77 0.80 0.84 0.88
0.79 0.79 0.79 0.80 0.80 0.80 0.79 0.78 0.77 0.76 0.75 0.75 0.74 0.74 0.74 0.75 0.75 0.76 0.77 0.78 0.80 0.84 0.87
0.80 0.80 0.80 0.81 0.81 0.80 0.79 0.78 0.77 0.76 0.76 0.75 0.74 0.74 0.75 0.75 0.76 0.76 0.77 0.78 0.80 0.83 0.87
0.80 0.80 0.80 0.80 0.80 0.79 0.79 0.78 0.77 0.77 0.76 0.75 0.74 0.74 0.74 0.75 0.75 0.76 0.77 0.78 0.80 0.83 0.86
0.81 0.81 0.80 0.80 0.79 0.79 0.78 0.77 0.77 0.77 0.76 0.75 0.74 0.74 0.74 0.75 0.75 0.75 0.76 0.77 0.80 0.83 0.87
0.81 0.81 0.80 0.80 0.79 0.79 0.78 0.78 0.77 0.77 0.76 0.76 0.75 0.74 0.74 0.74 0.75 0.75 0.76 0.77 0.81 0.84 0.87
0.81 0.80 0.80 0.80 0.79 0.79 0.78 0.77 0.77 0.76 0.76 0.75 0.75 0.75 0.74 0.75 0.75 0.75 0.76 0.78 0.81 0.84 0.88
0.81 0.81 0.80 0.79 0.79 0.78 0.78 0.77 0.76 0.76 0.75 0.75 0.74 0.74 0.75 0.75 0.75 0.76 0.77 0.79 0.82 0.85 0.89
0.82 0.81 0.80 0.79 0.78 0.78 0.77 0.77 0.76 0.75 0.75 0.74 0.74 0.74 0.74 0.75 0.76 0.76 0.78 0.80 0.83 0.86 0.90
0.84 0.82 0.79 0.78 0.77 0.77 0.76 0.76 0.75 0.75 0.74 0.74 0.74 0.73 0.73 0.74 0.76 0.77 0.79 0.81 0.84 0.87 0.91
0.85 0.83 0.80 0.78 0.77 0.76 0.76 0.75 0.74 0.74 0.74 0.74 0.73 0.73 0.73 0.74 0.76 0.77 0.80 0.82 0.85 0.89 0.92
0.86 0.84 0.81 0.79 0.78 0.77 0.76 0.76 0.75 0.74 0.74 0.74 0.74 0.74 0.74 0.75 0.76 0.78 0.81 0.83 0.87 0.90 0.94
LUT_ML[:,:,12] = 
0.77 0.76 0.76 0.75 0.74 0.73 0.73 0.73 0.73 0.74 0.75 0.75 0.75 0.75 0.75 0.75 0.76 0.77 0.79 0.81 0.84 0.87 0.91
0.77 0.76 0.76 0.75 0.74 0.73 0.73 0.73 0.73 0.74 0.74 0.75 0.75 0.75 0.75 0.75 0.76 0.77 0.79 0.81 0.83 0.87 0.91
0.77 0.76 0.76 0.74 0.74 0.73 0.73 0.73 0.73 0.74 0.74 0.75 0.75 0.75 0.75 0.75 0.76 0.77 0.79 0.81 0.83 0.87 0.91
0.77 0.76 0.76 0.74 0.74 0.73 0.73 0.73 0.73 0.73 0.74 0.74 0.74 0.74 0.74 0.75 0.76 0.76 0.78 0.80 0.82 0.86 0.90
0.77 0.76 0.75 0.74 0.74 0.73 0.73 0.73 0.73 0.73 0.74 0.74 0.74 0.74 0.74 0.74 0.75 0.76 0.77 0.79 0.82 0.85 0.89
0.77 0.76 0.75 0.74 0.74 0.73 0.73 0.73 0.73 0.73 0.74 0.74 0.73 0.73 0.73 0.74 0.75 0.75 0.76 0.78 0.81 0.84 0.88
0.76 0.76 0.75 0.74 0.74 0.73 0.73 0.73 0.73 0.74 0.74 0.74 0.73 0.73 0.73 0.74 0.74 0.75 0.76 0.77 0.80 0.83 0.87
0.76 0.76 0.75 0.75 0.74 0.74 0.74 0.74 0.75 0.75 0.74 0.74 0.73 0.73 0.73 0.74 0.74 0.74 0.75 0.76 0.78 0.82 0.86
0.76 0.77 0.76 0.76 0.76 0.76 0.76 0.76 0.76 0.75 0.74 0.74 0.73 0.73 0.73 0.74 0.74 0.74 0.75 0.76 0.77 0.80 0.84
0.77 0.78 0.77 0.77 0.77 0.77 0.77 0.77 0.76 0.76 0.75 0.74 0.73 0.73 0.73 0.74 0.74 0.74 0.75 0.76 0.77 0.79 0.82
0.78 0.79 0.78 0.78 0.78 0.79 0.78 0.77 0.77 0.76 0.75 0.74 0.73 0.73 0.73 0.74 0.74 0.75 0.75 0.76 0.77 0.79 0.82
0.80 0.79 0.79 0.79 0.79 0.79 0.79 0.78 0.77 0.76 0.76 0.75 0.74 0.73 0.73 0.74 0.74 0.75 0.76 0.76 0.77 0.79 0.81
0.80 0.80 0.80 0.80 0.80 0.79 0.78 0.77 0.77 0.76 0.76 0.75 0.74 0.73 0.73 0.74 0.74 0.75 0.75 0.76 0.76 0.79 0.81
0.81 0.81 0.81 0.80 0.80 0.79 0.78 0.77 0.76 0.76 0.75 0.75 0.74 0.73 0.73 0.73 0.74 0.74 0.75 0.75 0.76 0.79 0.82
0.82 0.82 0.81 0.80 0.79 0.79 0.78 0.77 0.76 0.76 0.75 0.75 0.74 0.74 0.73 0.73 0.74 0.74 0.75 0.75 0.77 0.79 0.82
0.83 0.82 0.82 0.80 0.80 0.79 0.78 0.77 0.76 0.76 0.75 0.75 0.74 0.74 0.74 0.74 0.75 0.75 0.75 0.76 0.78 0.80 0.83
0.83 0.82 0.81 0.80 0.79 0.79 0.78 0.77 0.76 0.75 0.75 0.74 0.74 0.74 0.74 0.75 0.76 0.76 0.76 0.78 0.79 0.82 0.84
0.85 0.83 0.81 0.79 0.79 0.78 0.77 0.76 0.76 0.75 0.74 0.74 0.74 0.73 0.73 0.74 0.75 0.76 0.78 0.79 0.81 0.83 0.86
0.87 0.84 0.81 0.78 0.78 0.77 0.76 0.76 0.75 0.74 0.74 0.74 0.73 0.73 0.73 0.73 0.74 0.76 0.78 0.80 0.82 0.85 0.88
0.88 0.85 0.82 0.79 0.77 0.76 0.76 0.75 0.74 0.74 0.73 0.73 0.73 0.73 0.73 0.73 0.74 0.75 0.79 0.81 0.83 0.86 0.89
0.89 0.86 0.83 0.79 0.78 0.77 0.76 0.75 0.75 0.74 0.73 0.73 0.73 0.73 0.73 0.73 0.74 0.76 0.79 0.82 0.85 0.87 0.91
LUT_ML[:,:,13] = 
0.77 0.77 0.76 0.75 0.74 0.73 0.73 0.73 0.73 0.73 0.74 0.75 0.75 0.75 0.75 0.75 0.75 0.76 0.78 0.80 0.82 0.84 0.88
0.77 0.77 0.76 0.75 0.74 0.73 0.73 0.73 0.73 0.73 0.74 0.75 0.75 0.75 0.75 0.75 0.75 0.76 0.78 0.80 0.82 0.84 0.88
0.77 0.77 0.76 0.74 0.74 0.73 0.73 0.73 0.73 0.73 0.74 0.74 0.75 0.75 0.75 0.75 0.75 0.76 0.78 0.80 0.82 0.84 0.88
0.77 0.77 0.76 0.74 0.73 0.73 0.72 0.72 0.72 0.73 0.73 0.74 0.74 0.74 0.74 0.75 0.75 0.76 0.77 0.79 0.81 0.83 0.87
0.77 0.76 0.76 0.74 0.73 0.73 0.72 0.72 0.72 0.72 0.73 0.73 0.74 0.74 0.74 0.74 0.75 0.76 0.77 0.78 0.80 0.82 0.86
0.77 0.76 0.75 0.74 0.73 0.73 0.72 0.72 0.72 0.72 0.73 0.73 0.73 0.73 0.73 0.74 0.74 0.75 0.76 0.78 0.79 0.81 0.85
0.76 0.75 0.75 0.74 0.73 0.73 0.72 0.72 0.73 0.73 0.73 0.73 0.73 0.73 0.73 0.73 0.74 0.74 0.76 0.77 0.78 0.80 0.84
0.76 0.75 0.74 0.74 0.74 0.74 0.74 0.74 0.74 0.74 0.74 0.73 0.73 0.73 0.73 0.73 0.73 0.73 0.75 0.76 0.77 0.78 0.82
0.76 0.75 0.75 0.75 0.75 0.75 0.75 0.75 0.75 0.75 0.74 0.73 0.73 0.73 0.73 0.73 0.73 0.73 0.74 0.75 0.76 0.78 0.80
0.76 0.76 0.76 0.75 0.76 0.76 0.76 0.76 0.76 0.75 0.75 0.74 0.73 0.73 0.73 0.73 0.73 0.73 0.74 0.75 0.76 0.77 0.79
0.77 0.77 0.77 0.77 0.77 0.77 0.77 0.77 0.76 0.76 0.75 0.74 0.73 0.73 0.72 0.73 0.73 0.74 0.75 0.75 0.76 0.77 0.79
0.78 0.78 0.78 0.78 0.78 0.78 0.77 0.77 0.76 0.76 0.75 0.74 0.74 0.73 0.72 0.73 0.73 0.74 0.75 0.75 0.76 0.77 0.79
0.79 0.79 0.79 0.79 0.79 0.78 0.77 0.77 0.76 0.76 0.75 0.75 0.74 0.73 0.72 0.73 0.73 0.74 0.75 0.76 0.76 0.77 0.80
0.80 0.80 0.80 0.80 0.79 0.78 0.77 0.76 0.76 0.75 0.75 0.74 0.74 0.73 0.72 0.73 0.73 0.74 0.75 0.76 0.76 0.77 0.79
0.81 0.81 0.81 0.80 0.79 0.78 0.77 0.76 0.76 0.75 0.75 0.74 0.74 0.73 0.73 0.73 0.74 0.74 0.75 0.75 0.76 0.77 0.79
0.82 0.82 0.81 0.80 0.79 0.78 0.77 0.77 0.76 0.75 0.75 0.75 0.74 0.74 0.73 0.73 0.74 0.75 0.75 0.76 0.77 0.78 0.80
0.84 0.82 0.81 0.80 0.79 0.78 0.78 0.77 0.76 0.75 0.75 0.75 0.74 0.74 0.73 0.73 0.74 0.75 0.75 0.77 0.78 0.79 0.82
0.86 0.84 0.81 0.80 0.79 0.78 0.78 0.77 0.76 0.75 0.75 0.74 0.74 0.73 0.73 0.72 0.73 0.74 0.76 0.78 0.79 0.81 0.83
0.88 0.86 0.83 0.80 0.79 0.78 0.78 0.77 0.76 0.75 0.74 0.74 0.74 0.73 0.73 0.72 0.72 0.74 0.76 0.79 0.80 0.82 0.84
0.90 0.88 0.84 0.81 0.80 0.78 0.77 0.77 0.76 0.75 0.74 0.74 0.73 0.73 0.73 0.72 0.72 0.74 0.76 0.79 0.82 0.83 0.86
0.92 0.89 0.85 0.82 0.81 0.79 0.78 0.77 0.76 0.75 0.74 0.74 0.74 0.74 0.73 0.73 0.73 0.74 0.77 0.80 0.83 0.85 0.87
LUT_ML[:,:,14] = 
0.77 0.77 0.76 0.75 0.74 0.73 0.73 0.73 0.73 0.74 0.74 0.75 0.75 0.75 0.75 0.75 0.75 0.76 0.78 0.79 0.81 0.84 0.86
0.77 0.77 0.76 0.75 0.74 0.73 0.73 0.73 0.73 0.73 0.74 0.74 0.75 0.75 0.75 0.75 0.75 0.76 0.78 0.79 0.81 0.83 0.86
0.77 0.77 0.76 0.75 0.74 0.73 0.73 0.73 0.73 0.73 0.74 0.74 0.75 0.75 0.74 0.75 0.75 0.76 0.78 0.79 0.81 0.83 0.86
0.77 0.76 0.76 0.74 0.74 0.73 0.72 0.72 0.73 0.73 0.73 0.74 0.74 0.74 0.74 0.74 0.75 0.76 0.77 0.79 0.80 0.82 0.85
0.77 0.76 0.76 0.74 0.73 0.73 0.72 0.72 0.72 0.72 0.73 0.73 0.74 0.74 0.74 0.74 0.75 0.75 0.77 0.78 0.79 0.82 0.84
0.76 0.76 0.75 0.74 0.73 0.73 0.72 0.72 0.72 0.72 0.72 0.73 0.73 0.73 0.73 0.74 0.74 0.75 0.76 0.78 0.79 0.81 0.83
0.76 0.75 0.75 0.74 0.73 0.73 0.72 0.72 0.72 0.73 0.73 0.73 0.73 0.73 0.73 0.73 0.74 0.74 0.76 0.77 0.78 0.80 0.82
0.75 0.75 0.74 0.74 0.74 0.74 0.73 0.73 0.74 0.74 0.73 0.73 0.73 0.72 0.72 0.72 0.73 0.73 0.75 0.76 0.77 0.78 0.80
0.75 0.75 0.74 0.74 0.74 0.74 0.75 0.75 0.75 0.74 0.74 0.73 0.73 0.72 0.72 0.72 0.72 0.73 0.74 0.75 0.76 0.78 0.79
0.76 0.76 0.75 0.75 0.75 0.75 0.76 0.76 0.75 0.75 0.74 0.74 0.73 0.72 0.72 0.72 0.73 0.73 0.74 0.75 0.76 0.77 0.78
0.77 0.77 0.76 0.76 0.76 0.76 0.76 0.76 0.76 0.75 0.75 0.74 0.73 0.72 0.72 0.72 0.73 0.73 0.74 0.75 0.76 0.76 0.77
0.78 0.78 0.77 0.77 0.77 0.77 0.77 0.76 0.76 0.75 0.75 0.74 0.74 0.73 0.72 0.72 0.73 0.73 0.74 0.75 0.76 0.77 0.78
0.79 0.79 0.78 0.78 0.78 0.78 0.77 0.76 0.76 0.75 0.75 0.74 0.74 0.73 0.72 0.72 0.73 0.73 0.74 0.75 0.76 0.77 0.78
0.80 0.80 0.80 0.79 0.78 0.78 0.77 0.76 0.75 0.75 0.74 0.74 0.74 0.73 0.72 0.72 0.73 0.73 0.74 0.75 0.76 0.78 0.79
0.81 0.81 0.81 0.79 0.78 0.77 0.77 0.76 0.75 0.75 0.74 0.74 0.74 0.73 0.73 0.73 0.73 0.74 0.74 0.75 0.76 0.78 0.79
0.82 0.81 0.81 0.79 0.78 0.78 0.77 0.76 0.75 0.75 0.74 0.74 0.74 0.73 0.73 0.72 0.73 0.74 0.75 0.76 0.77 0.78 0.79
0.84 0.82 0.81 0.79 0.79 0.78 0.77 0.76 0.76 0.75 0.75 0.74 0.74 0.74 0.73 0.72 0.73 0.74 0.76 0.77 0.78 0.79 0.81
0.86 0.84 0.81 0.80 0.79 0.78 0.77 0.77 0.76 0.75 0.75 0.74 0.74 0.73 0.73 0.72 0.72 0.73 0.76 0.78 0.79 0.80 0.82
0.88 0.86 0.83 0.80 0.79 0.78 0.78 0.77 0.76 0.75 0.74 0.74 0.74 0.73 0.73 0.72 0.72 0.73 0.76 0.78 0.80 0.82 0.83
0.90 0.88 0.84 0.81 0.80 0.79 0.78 0.77 0.76 0.75 0.74 0.74 0.73 0.73 0.73 0.72 0.72 0.73 0.76 0.78 0.81 0.83 0.85
0.92 0.89 0.86 0.83 0.81 0.80 0.79 0.78 0.76 0.75 0.74 0.74 0.74 0.74 0.73 0.73 0.73 0.73 0.76 0.79 0.82 0.84 0.86
