LUT_ML[:,:,0] = 
0.77 0.81 0.83 0.84 0.85 0.86 0.87 0.88 0.90 0.91 0.93 0.95 0.96 0.98 0.98 0.97 0.95 0.93 0.90 0.87 0.86 0.85 0.84
0.77 0.81 0.83 0.84 0.85 0.86 0.87 0.88 0.90 0.91 0.93 0.95 0.97 0.98 0.98 0.97 0.95 0.93 0.90 0.87 0.86 0.85 0.85
0.77 0.81 0.83 0.84 0.85 0.86 0.87 0.88 0.90 0.91 0.93 0.95 0.97 0.98 0.98 0.97 0.95 0.93 0.90 0.88 0.86 0.85 0.85
0.77 0.80 0.84 0.85 0.85 0.86 0.87 0.89 0.90 0.92 0.93 0.95 0.97 0.99 0.99 0.97 0.95 0.93 0.90 0.88 0.87 0.86 0.86
0.76 0.80 0.84 0.84 0.85 0.86 0.88 0.89 0.91 0.92 0.94 0.95 0.97 0.99 0.99 0.97 0.96 0.94 0.90 0.88 0.87 0.87 0.86
0.75 0.79 0.83 0.85 0.85 0.86 0.88 0.90 0.91 0.93 0.94 0.96 0.97 0.99 0.99 0.98 0.96 0.94 0.91 0.89 0.88 0.88 0.87
0.74 0.78 0.82 0.85 0.85 0.86 0.88 0.90 0.92 0.93 0.95 0.96 0.98 1.00 1.00 0.98 0.96 0.95 0.91 0.90 0.89 0.88 0.88
0.72 0.76 0.81 0.84 0.85 0.86 0.88 0.90 0.93 0.94 0.96 0.97 0.99 1.01 1.01 0.99 0.98 0.96 0.93 0.91 0.91 0.90 0.90
0.70 0.74 0.79 0.83 0.85 0.86 0.89 0.91 0.93 0.95 0.97 0.99 1.00 1.02 1.02 1.01 0.99 0.97 0.95 0.94 0.93 0.92 0.92
0.69 0.73 0.77 0.82 0.84 0.86 0.89 0.91 0.94 0.96 0.98 1.00 1.02 1.03 1.04 1.02 1.01 0.99 0.97 0.96 0.95 0.95 0.94
0.68 0.73 0.76 0.80 0.83 0.86 0.88 0.91 0.94 0.97 0.99 1.01 1.03 1.05 1.06 1.04 1.03 1.01 0.99 0.98 0.97 0.96 0.95
0.67 0.72 0.75 0.79 0.81 0.84 0.87 0.91 0.94 0.97 0.99 1.02 1.05 1.07 1.08 1.06 1.04 1.03 1.00 0.99 0.99 0.98 0.97
0.66 0.71 0.74 0.78 0.80 0.82 0.86 0.90 0.93 0.96 0.99 1.02 1.06 1.08 1.09 1.07 1.05 1.04 1.02 1.01 1.00 0.99 0.99
0.66 0.70 0.73 0.77 0.78 0.81 0.84 0.87 0.92 0.95 0.99 1.02 1.05 1.08 1.10 1.08 1.07 1.05 1.04 1.03 1.02 1.01 1.00
0.65 0.68 0.72 0.75 0.77 0.79 0.83 0.86 0.90 0.94 0.98 1.01 1.04 1.08 1.10 1.09 1.08 1.07 1.05 1.04 1.03 1.03 1.02
0.64 0.67 0.71 0.74 0.76 0.78 0.81 0.84 0.87 0.91 0.95 0.99 1.03 1.07 1.09 1.09 1.09 1.08 1.07 1.06 1.05 1.04 1.04
0.63 0.66 0.69 0.73 0.74 0.76 0.79 0.82 0.85 0.89 0.93 0.97 1.01 1.04 1.07 1.07 1.08 1.08 1.09 1.08 1.07 1.06 1.06
0.61 0.65 0.67 0.71 0.73 0.74 0.77 0.80 0.83 0.86 0.90 0.94 0.98 1.02 1.05 1.05 1.06 1.07 1.09 1.09 1.09 1.08 1.07
0.59 0.63 0.66 0.69 0.71 0.72 0.75 0.78 0.80 0.84 0.88 0.92 0.96 1.00 1.03 1.03 1.04 1.05 1.08 1.10 1.10 1.10 1.09
0.56 0.60 0.65 0.68 0.69 0.70 0.73 0.76 0.79 0.82 0.86 0.90 0.94 0.98 1.01 1.02 1.03 1.04 1.06 1.09 1.11 1.11 1.11
0.54 0.57 0.62 0.66 0.67 0.68 0.71 0.74 0.77 0.80 0.84 0.88 0.92 0.96 0.99 1.00 1.02 1.04 1.05 1.07 1.10 1.11 1.11
LUT_ML[:,:,1] = 
0.77 0.81 0.83 0.84 0.85 0.85 0.86 0.87 0.89 0.90 0.92 0.94 0.95 0.97 0.98 0.96 0.95 0.93 0.90 0.87 0.85 0.85 0.84
0.76 0.81 0.83 0.84 0.85 0.85 0.86 0.87 0.89 0.90 0.92 0.94 0.96 0.97 0.98 0.97 0.95 0.93 0.90 0.87 0.85 0.85 0.84
0.76 0.81 0.83 0.84 0.85 0.85 0.86 0.87 0.89 0.90 0.92 0.94 0.96 0.97 0.98 0.97 0.95 0.93 0.90 0.87 0.86 0.85 0.84
0.76 0.80 0.83 0.84 0.84 0.85 0.86 0.88 0.89 0.91 0.92 0.94 0.96 0.98 0.99 0.97 0.95 0.93 0.90 0.88 0.86 0.85 0.85
0.75 0.80 0.83 0.84 0.84 0.85 0.86 0.88 0.89 0.91 0.93 0.94 0.96 0.98 0.99 0.97 0.95 0.94 0.90 0.88 0.87 0.86 0.86
0.74 0.79 0.83 0.84 0.84 0.85 0.87 0.88 0.90 0.91 0.93 0.95 0.97 0.98 0.99 0.98 0.96 0.94 0.91 0.89 0.87 0.87 0.86
0.73 0.78 0.82 0.84 0.84 0.85 0.87 0.89 0.91 0.92 0.93 0.95 0.97 0.99 1.00 0.98 0.96 0.94 0.91 0.89 0.88 0.88 0.87
0.70 0.75 0.80 0.83 0.84 0.85 0.87 0.89 0.92 0.93 0.95 0.96 0.98 1.00 1.01 0.99 0.97 0.95 0.92 0.91 0.90 0.90 0.89
0.68 0.73 0.78 0.82 0.84 0.86 0.88 0.90 0.92 0.94 0.96 0.97 0.99 1.01 1.02 1.00 0.99 0.97 0.94 0.93 0.92 0.91 0.91
0.67 0.73 0.76 0.81 0.83 0.85 0.88 0.90 0.93 0.95 0.97 0.99 1.00 1.02 1.03 1.02 1.00 0.99 0.96 0.95 0.94 0.93 0.92
0.65 0.71 0.75 0.79 0.82 0.84 0.87 0.90 0.93 0.95 0.97 1.00 1.02 1.04 1.05 1.04 1.02 1.01 0.98 0.96 0.96 0.95 0.94
0.65 0.70 0.74 0.78 0.80 0.83 0.86 0.89 0.93 0.96 0.99 1.01 1.03 1.06 1.07 1.05 1.04 1.02 0.99 0.98 0.97 0.96 0.96
0.64 0.69 0.73 0.77 0.79 0.81 0.84 0.88 0.92 0.95 0.99 1.02 1.04 1.06 1.08 1.06 1.05 1.03 1.01 1.00 0.99 0.98 0.97
0.64 0.68 0.72 0.76 0.77 0.80 0.83 0.86 0.90 0.94 0.97 1.01 1.04 1.07 1.09 1.08 1.06 1.04 1.02 1.01 1.00 1.00 0.99
0.64 0.67 0.71 0.74 0.76 0.78 0.81 0.84 0.88 0.92 0.96 0.99 1.03 1.06 1.10 1.08 1.07 1.06 1.04 1.03 1.02 1.01 1.01
0.63 0.66 0.69 0.73 0.75 0.76 0.79 0.82 0.86 0.89 0.93 0.97 1.01 1.05 1.08 1.08 1.08 1.07 1.06 1.05 1.04 1.03 1.02
0.62 0.65 0.68 0.71 0.73 0.74 0.77 0.80 0.83 0.87 0.91 0.95 0.99 1.03 1.06 1.07 1.07 1.07 1.07 1.06 1.05 1.05 1.04
0.60 0.63 0.66 0.70 0.71 0.72 0.75 0.78 0.81 0.84 0.88 0.92 0.97 1.01 1.04 1.04 1.05 1.06 1.08 1.08 1.07 1.07 1.06
0.57 0.62 0.65 0.68 0.69 0.70 0.73 0.76 0.79 0.82 0.86 0.90 0.94 0.98 1.02 1.03 1.03 1.04 1.07 1.08 1.08 1.08 1.08
0.54 0.59 0.64 0.66 0.67 0.68 0.71 0.74 0.77 0.80 0.84 0.88 0.92 0.96 1.00 1.01 1.02 1.03 1.05 1.08 1.09 1.09 1.09
0.52 0.56 0.61 0.64 0.65 0.66 0.69 0.73 0.75 0.78 0.82 0.86 0.90 0.94 0.98 0.99 1.01 1.02 1.04 1.06 1.09 1.09 1.09
LUT_ML[:,:,2] = 
0.76 0.80 0.82 0.83 0.84 0.85 0.86 0.87 0.88 0.89 0.91 0.93 0.94 0.96 0.98 0.96 0.95 0.93 0.89 0.86 0.85 0.84 0.83
0.76 0.80 0.82 0.83 0.84 0.85 0.86 0.87 0.88 0.90 0.91 0.93 0.95 0.96 0.98 0.96 0.95 0.93 0.89 0.86 0.85 0.84 0.83
0.76 0.81 0.82 0.83 0.84 0.85 0.86 0.87 0.88 0.90 0.91 0.93 0.95 0.97 0.98 0.96 0.95 0.93 0.89 0.87 0.85 0.84 0.84
0.75 0.80 0.82 0.84 0.84 0.84 0.86 0.87 0.88 0.90 0.91 0.93 0.95 0.97 0.99 0.97 0.95 0.93 0.90 0.87 0.86 0.85 0.84
0.74 0.80 0.82 0.84 0.84 0.84 0.86 0.87 0.88 0.90 0.92 0.93 0.95 0.97 0.99 0.97 0.95 0.94 0.90 0.87 0.86 0.85 0.85
0.73 0.78 0.83 0.84 0.84 0.84 0.86 0.87 0.89 0.90 0.92 0.94 0.96 0.97 0.99 0.97 0.96 0.94 0.91 0.88 0.87 0.86 0.86
0.72 0.77 0.82 0.83 0.84 0.84 0.86 0.88 0.89 0.91 0.92 0.94 0.96 0.98 1.00 0.98 0.96 0.94 0.91 0.89 0.88 0.87 0.87
0.68 0.75 0.79 0.83 0.84 0.84 0.86 0.88 0.90 0.92 0.93 0.95 0.97 0.98 1.00 0.99 0.97 0.95 0.92 0.90 0.89 0.89 0.88
0.66 0.72 0.77 0.81 0.83 0.85 0.86 0.89 0.91 0.93 0.94 0.96 0.98 1.00 1.01 1.00 0.98 0.96 0.93 0.92 0.91 0.90 0.90
0.64 0.71 0.75 0.80 0.82 0.84 0.87 0.89 0.91 0.93 0.95 0.97 0.99 1.01 1.03 1.01 1.00 0.98 0.95 0.93 0.93 0.92 0.91
0.63 0.69 0.74 0.78 0.80 0.83 0.86 0.89 0.92 0.94 0.96 0.98 1.01 1.03 1.05 1.03 1.01 1.00 0.97 0.95 0.94 0.93 0.93
0.63 0.68 0.73 0.77 0.79 0.81 0.85 0.88 0.92 0.95 0.97 1.00 1.02 1.04 1.06 1.04 1.03 1.01 0.98 0.97 0.96 0.95 0.94
0.62 0.67 0.72 0.76 0.78 0.80 0.83 0.87 0.91 0.94 0.97 1.00 1.03 1.05 1.07 1.06 1.04 1.02 1.00 0.98 0.97 0.97 0.96
0.62 0.66 0.71 0.74 0.76 0.78 0.82 0.85 0.89 0.93 0.96 0.99 1.03 1.05 1.07 1.07 1.05 1.03 1.01 1.00 0.99 0.98 0.98
0.61 0.66 0.69 0.73 0.75 0.77 0.80 0.83 0.86 0.90 0.94 0.98 1.01 1.05 1.08 1.08 1.06 1.05 1.03 1.02 1.01 1.00 0.99
0.62 0.64 0.68 0.72 0.73 0.75 0.78 0.81 0.84 0.88 0.91 0.95 1.00 1.03 1.07 1.08 1.07 1.06 1.04 1.03 1.02 1.02 1.01
0.60 0.63 0.66 0.70 0.72 0.73 0.75 0.78 0.82 0.85 0.89 0.93 0.97 1.01 1.05 1.06 1.06 1.06 1.06 1.05 1.04 1.03 1.03
0.58 0.62 0.65 0.68 0.69 0.70 0.73 0.76 0.79 0.83 0.87 0.91 0.95 0.99 1.03 1.04 1.04 1.04 1.06 1.06 1.06 1.05 1.05
0.56 0.60 0.63 0.66 0.67 0.68 0.71 0.74 0.77 0.80 0.84 0.88 0.92 0.97 1.01 1.02 1.02 1.03 1.05 1.06 1.06 1.06 1.06
0.53 0.57 0.62 0.64 0.65 0.66 0.69 0.72 0.75 0.78 0.82 0.86 0.90 0.94 0.98 1.00 1.01 1.02 1.04 1.06 1.07 1.07 1.07
0.51 0.55 0.59 0.62 0.63 0.64 0.67 0.70 0.73 0.76 0.80 0.84 0.88 0.92 0.96 0.98 0.99 1.01 1.02 1.05 1.07 1.07 1.07
LUT_ML[:,:,3] = 
0.75 0.77 0.79 0.81 0.82 0.84 0.84 0.85 0.86 0.88 0.89 0.90 0.92 0.94 0.96 0.96 0.94 0.92 0.89 0.86 0.84 0.82 0.82
0.75 0.77 0.79 0.81 0.82 0.84 0.84 0.85 0.86 0.88 0.89 0.90 0.92 0.94 0.96 0.96 0.94 0.93 0.89 0.86 0.84 0.82 0.82
0.74 0.77 0.79 0.81 0.82 0.84 0.84 0.85 0.86 0.88 0.89 0.90 0.92 0.94 0.96 0.96 0.94 0.93 0.89 0.86 0.84 0.83 0.82
0.73 0.77 0.79 0.81 0.82 0.84 0.84 0.85 0.86 0.88 0.89 0.91 0.92 0.94 0.96 0.96 0.95 0.93 0.89 0.86 0.84 0.83 0.83
0.71 0.77 0.79 0.81 0.82 0.83 0.84 0.85 0.87 0.88 0.89 0.91 0.93 0.95 0.96 0.97 0.95 0.93 0.90 0.87 0.85 0.84 0.83
0.69 0.77 0.79 0.81 0.82 0.83 0.84 0.85 0.87 0.88 0.90 0.91 0.93 0.95 0.97 0.97 0.95 0.94 0.90 0.87 0.86 0.85 0.84
0.67 0.75 0.79 0.80 0.82 0.83 0.84 0.85 0.87 0.88 0.90 0.92 0.93 0.95 0.97 0.98 0.96 0.94 0.91 0.87 0.86 0.86 0.85
0.64 0.71 0.78 0.80 0.81 0.82 0.84 0.85 0.87 0.89 0.91 0.92 0.94 0.96 0.98 0.98 0.97 0.95 0.92 0.89 0.88 0.87 0.86
0.61 0.68 0.75 0.79 0.80 0.82 0.83 0.85 0.88 0.90 0.91 0.93 0.95 0.97 0.99 0.99 0.98 0.96 0.93 0.90 0.89 0.88 0.87
0.60 0.66 0.72 0.77 0.80 0.81 0.83 0.86 0.88 0.90 0.92 0.94 0.96 0.98 1.00 1.00 0.99 0.97 0.94 0.91 0.90 0.89 0.88
0.59 0.64 0.70 0.76 0.78 0.81 0.83 0.86 0.88 0.90 0.93 0.95 0.97 0.99 1.01 1.01 0.99 0.98 0.94 0.92 0.91 0.90 0.90
0.59 0.63 0.69 0.74 0.77 0.79 0.82 0.85 0.88 0.91 0.93 0.95 0.98 1.00 1.02 1.02 1.01 0.99 0.96 0.94 0.93 0.92 0.91
0.58 0.62 0.68 0.73 0.75 0.77 0.80 0.84 0.87 0.90 0.93 0.95 0.98 1.00 1.03 1.04 1.02 1.00 0.97 0.95 0.94 0.93 0.93
0.58 0.62 0.67 0.72 0.74 0.76 0.78 0.81 0.84 0.89 0.92 0.95 0.98 1.00 1.03 1.04 1.03 1.01 0.98 0.97 0.96 0.95 0.94
0.58 0.61 0.66 0.70 0.72 0.73 0.75 0.78 0.82 0.86 0.89 0.94 0.97 1.00 1.03 1.04 1.03 1.02 0.99 0.99 0.98 0.97 0.96
0.58 0.61 0.64 0.68 0.70 0.71 0.73 0.76 0.80 0.83 0.87 0.91 0.95 0.99 1.02 1.04 1.04 1.03 1.00 1.00 0.99 0.98 0.98
0.59 0.60 0.63 0.66 0.67 0.68 0.70 0.74 0.77 0.81 0.85 0.89 0.93 0.97 1.01 1.03 1.03 1.02 1.01 1.01 1.00 1.00 0.99
0.57 0.59 0.62 0.64 0.65 0.66 0.68 0.72 0.75 0.78 0.82 0.86 0.90 0.95 0.99 1.01 1.02 1.01 1.01 1.01 1.01 1.01 1.01
0.54 0.57 0.60 0.62 0.63 0.64 0.66 0.69 0.72 0.76 0.80 0.84 0.88 0.92 0.96 1.00 1.00 1.00 1.01 1.01 1.02 1.02 1.02
0.52 0.55 0.58 0.61 0.62 0.62 0.64 0.67 0.71 0.74 0.78 0.82 0.86 0.90 0.94 0.98 0.98 0.99 1.00 1.01 1.02 1.02 1.02
0.50 0.53 0.56 0.59 0.60 0.61 0.62 0.66 0.69 0.72 0.76 0.80 0.84 0.88 0.92 0.96 0.96 0.98 1.00 1.01 1.02 1.02 1.02
LUT_ML[:,:,4] = 
0.75 0.76 0.77 0.78 0.78 0.79 0.80 0.81 0.83 0.85 0.85 0.87 0.88 0.90 0.91 0.93 0.94 0.92 0.88 0.85 0.81 0.79 0.78
0.75 0.76 0.77 0.78 0.78 0.79 0.80 0.81 0.83 0.85 0.85 0.87 0.88 0.90 0.91 0.93 0.94 0.92 0.88 0.85 0.81 0.79 0.78
0.75 0.76 0.77 0.78 0.78 0.79 0.80 0.81 0.83 0.85 0.85 0.87 0.88 0.90 0.91 0.93 0.94 0.92 0.89 0.85 0.81 0.79 0.78
0.75 0.76 0.77 0.77 0.78 0.79 0.80 0.81 0.83 0.85 0.86 0.87 0.88 0.90 0.91 0.93 0.94 0.92 0.89 0.85 0.82 0.80 0.79
0.74 0.75 0.76 0.77 0.77 0.78 0.80 0.81 0.83 0.85 0.86 0.87 0.88 0.90 0.92 0.93 0.94 0.93 0.89 0.85 0.82 0.80 0.79
0.74 0.75 0.76 0.76 0.77 0.78 0.80 0.81 0.83 0.85 0.86 0.87 0.88 0.90 0.92 0.94 0.95 0.93 0.89 0.85 0.82 0.81 0.80
0.74 0.75 0.75 0.76 0.77 0.77 0.79 0.81 0.83 0.85 0.86 0.87 0.89 0.90 0.92 0.94 0.95 0.93 0.89 0.86 0.83 0.81 0.80
0.73 0.74 0.74 0.75 0.76 0.77 0.79 0.81 0.83 0.85 0.86 0.87 0.89 0.91 0.92 0.94 0.95 0.93 0.90 0.87 0.84 0.82 0.81
0.70 0.73 0.74 0.75 0.75 0.76 0.78 0.80 0.83 0.84 0.85 0.87 0.89 0.91 0.93 0.95 0.96 0.94 0.91 0.88 0.85 0.83 0.83
0.69 0.72 0.75 0.75 0.75 0.77 0.78 0.80 0.82 0.83 0.85 0.86 0.89 0.91 0.93 0.95 0.97 0.95 0.92 0.88 0.86 0.84 0.84
0.68 0.72 0.75 0.76 0.76 0.77 0.78 0.79 0.81 0.83 0.85 0.86 0.89 0.91 0.93 0.95 0.97 0.96 0.92 0.89 0.87 0.86 0.85
0.68 0.71 0.74 0.76 0.77 0.77 0.77 0.78 0.80 0.82 0.84 0.86 0.88 0.91 0.93 0.95 0.97 0.96 0.93 0.90 0.88 0.87 0.86
0.68 0.70 0.72 0.75 0.76 0.77 0.77 0.77 0.79 0.81 0.83 0.85 0.88 0.91 0.93 0.95 0.97 0.96 0.93 0.90 0.89 0.88 0.88
0.67 0.69 0.71 0.73 0.74 0.75 0.75 0.76 0.78 0.80 0.81 0.84 0.87 0.90 0.93 0.95 0.97 0.96 0.93 0.90 0.89 0.89 0.89
0.66 0.68 0.69 0.71 0.72 0.72 0.73 0.74 0.77 0.79 0.81 0.83 0.85 0.88 0.91 0.94 0.97 0.96 0.93 0.91 0.90 0.90 0.90
0.65 0.66 0.68 0.69 0.70 0.70 0.71 0.72 0.75 0.78 0.81 0.83 0.85 0.87 0.90 0.93 0.96 0.95 0.93 0.91 0.91 0.91 0.90
0.64 0.65 0.67 0.68 0.68 0.68 0.69 0.70 0.73 0.76 0.79 0.83 0.85 0.87 0.89 0.92 0.95 0.95 0.93 0.92 0.92 0.92 0.91
0.62 0.65 0.66 0.66 0.66 0.67 0.67 0.68 0.71 0.74 0.77 0.81 0.84 0.87 0.90 0.92 0.95 0.94 0.93 0.92 0.92 0.92 0.92
0.60 0.62 0.64 0.65 0.65 0.65 0.65 0.66 0.68 0.72 0.75 0.79 0.82 0.86 0.89 0.92 0.95 0.94 0.92 0.92 0.92 0.93 0.93
0.57 0.60 0.62 0.63 0.63 0.63 0.63 0.64 0.66 0.70 0.73 0.77 0.80 0.84 0.87 0.91 0.95 0.94 0.93 0.93 0.93 0.93 0.93
0.55 0.58 0.59 0.61 0.62 0.62 0.62 0.63 0.65 0.68 0.71 0.75 0.78 0.82 0.85 0.89 0.93 0.94 0.93 0.93 0.93 0.93 0.93
LUT_ML[:,:,5] = 
0.76 0.77 0.77 0.78 0.78 0.79 0.80 0.81 0.82 0.84 0.85 0.86 0.87 0.89 0.90 0.91 0.92 0.93 0.88 0.84 0.80 0.77 0.76
0.76 0.77 0.77 0.78 0.78 0.78 0.79 0.81 0.82 0.84 0.85 0.86 0.87 0.89 0.90 0.91 0.92 0.93 0.88 0.84 0.80 0.77 0.76
0.76 0.77 0.77 0.78 0.78 0.78 0.79 0.81 0.82 0.84 0.85 0.86 0.87 0.89 0.90 0.91 0.92 0.93 0.88 0.84 0.80 0.77 0.76
0.76 0.76 0.77 0.77 0.78 0.78 0.79 0.81 0.82 0.84 0.85 0.86 0.88 0.89 0.90 0.91 0.92 0.93 0.88 0.84 0.80 0.77 0.77
0.76 0.76 0.77 0.77 0.77 0.78 0.79 0.81 0.82 0.84 0.85 0.87 0.88 0.89 0.90 0.91 0.92 0.93 0.89 0.84 0.80 0.77 0.77
0.76 0.76 0.76 0.76 0.76 0.77 0.79 0.81 0.82 0.84 0.85 0.87 0.88 0.89 0.90 0.91 0.92 0.93 0.89 0.85 0.81 0.78 0.77
0.76 0.76 0.75 0.76 0.76 0.77 0.79 0.81 0.82 0.84 0.86 0.87 0.88 0.89 0.90 0.91 0.92 0.93 0.89 0.85 0.81 0.78 0.78
0.76 0.76 0.74 0.75 0.76 0.76 0.79 0.80 0.82 0.84 0.85 0.86 0.88 0.89 0.90 0.91 0.92 0.94 0.90 0.86 0.82 0.79 0.78
0.77 0.76 0.75 0.75 0.75 0.77 0.78 0.80 0.81 0.83 0.84 0.86 0.87 0.88 0.90 0.92 0.93 0.95 0.91 0.87 0.83 0.81 0.80
0.78 0.78 0.77 0.76 0.76 0.77 0.78 0.79 0.80 0.82 0.83 0.85 0.87 0.88 0.90 0.92 0.94 0.95 0.92 0.88 0.84 0.82 0.81
0.76 0.79 0.78 0.78 0.77 0.77 0.77 0.78 0.79 0.81 0.83 0.84 0.86 0.88 0.90 0.92 0.94 0.95 0.92 0.88 0.84 0.83 0.82
0.75 0.77 0.79 0.78 0.78 0.78 0.77 0.77 0.77 0.80 0.82 0.84 0.86 0.88 0.90 0.92 0.94 0.95 0.92 0.88 0.84 0.83 0.83
0.74 0.76 0.78 0.79 0.79 0.78 0.77 0.76 0.76 0.78 0.80 0.82 0.85 0.87 0.90 0.92 0.94 0.95 0.92 0.88 0.85 0.84 0.83
0.73 0.75 0.76 0.79 0.78 0.78 0.77 0.75 0.76 0.77 0.79 0.81 0.83 0.86 0.89 0.91 0.93 0.95 0.92 0.88 0.85 0.84 0.84
0.72 0.73 0.75 0.77 0.77 0.78 0.76 0.75 0.75 0.77 0.79 0.80 0.82 0.84 0.87 0.90 0.92 0.94 0.92 0.88 0.86 0.85 0.84
0.71 0.72 0.73 0.75 0.75 0.75 0.75 0.75 0.74 0.76 0.78 0.80 0.82 0.84 0.86 0.88 0.91 0.93 0.91 0.88 0.86 0.86 0.85
0.69 0.71 0.72 0.73 0.73 0.73 0.74 0.74 0.75 0.76 0.78 0.80 0.82 0.84 0.86 0.88 0.90 0.93 0.91 0.88 0.86 0.86 0.86
0.67 0.69 0.71 0.71 0.71 0.71 0.72 0.72 0.73 0.76 0.78 0.80 0.82 0.84 0.86 0.88 0.90 0.92 0.90 0.88 0.87 0.87 0.86
0.65 0.67 0.69 0.70 0.70 0.70 0.70 0.70 0.71 0.74 0.77 0.81 0.83 0.85 0.87 0.89 0.91 0.92 0.90 0.88 0.87 0.87 0.87
0.63 0.65 0.67 0.68 0.69 0.69 0.69 0.69 0.70 0.72 0.75 0.79 0.83 0.85 0.87 0.89 0.91 0.93 0.90 0.88 0.88 0.88 0.87
0.61 0.63 0.64 0.66 0.67 0.67 0.67 0.68 0.68 0.70 0.74 0.77 0.81 0.84 0.87 0.89 0.91 0.93 0.91 0.89 0.88 0.88 0.88
LUT_ML[:,:,6] = 
0.78 0.77 0.78 0.79 0.79 0.79 0.80 0.81 0.82 0.83 0.84 0.85 0.86 0.88 0.89 0.90 0.91 0.92 0.94 0.90 0.85 0.81 0.77
0.78 0.78 0.78 0.79 0.79 0.79 0.80 0.81 0.82 0.83 0.84 0.85 0.86 0.88 0.89 0.90 0.91 0.92 0.94 0.90 0.85 0.81 0.78
0.78 0.78 0.78 0.79 0.79 0.79 0.80 0.81 0.82 0.83 0.84 0.85 0.86 0.88 0.89 0.90 0.91 0.92 0.94 0.90 0.85 0.81 0.78
0.78 0.78 0.78 0.79 0.79 0.78 0.80 0.81 0.82 0.83 0.84 0.85 0.86 0.88 0.89 0.90 0.91 0.92 0.94 0.90 0.86 0.81 0.78
0.78 0.78 0.78 0.78 0.78 0.78 0.79 0.80 0.82 0.83 0.84 0.85 0.86 0.87 0.89 0.90 0.91 0.92 0.94 0.90 0.86 0.81 0.78
0.78 0.78 0.78 0.78 0.78 0.78 0.79 0.80 0.81 0.83 0.83 0.85 0.86 0.87 0.89 0.90 0.91 0.92 0.94 0.91 0.86 0.82 0.78
0.78 0.78 0.78 0.77 0.77 0.78 0.79 0.80 0.81 0.82 0.83 0.84 0.85 0.87 0.88 0.90 0.91 0.92 0.95 0.91 0.86 0.82 0.79
0.78 0.79 0.79 0.77 0.77 0.78 0.79 0.80 0.81 0.82 0.82 0.83 0.84 0.86 0.88 0.90 0.91 0.93 0.95 0.92 0.87 0.83 0.80
0.79 0.79 0.79 0.78 0.78 0.78 0.78 0.79 0.80 0.80 0.80 0.82 0.84 0.86 0.88 0.90 0.91 0.93 0.96 0.92 0.88 0.84 0.81
0.80 0.80 0.79 0.79 0.78 0.78 0.78 0.77 0.78 0.78 0.79 0.81 0.83 0.85 0.87 0.89 0.91 0.93 0.96 0.93 0.89 0.85 0.82
0.81 0.80 0.80 0.79 0.79 0.79 0.78 0.77 0.77 0.77 0.78 0.79 0.82 0.84 0.86 0.88 0.91 0.92 0.95 0.93 0.89 0.85 0.83
0.82 0.81 0.80 0.80 0.79 0.79 0.78 0.77 0.76 0.76 0.76 0.78 0.80 0.83 0.85 0.87 0.89 0.91 0.95 0.93 0.89 0.85 0.84
0.83 0.82 0.81 0.80 0.79 0.79 0.78 0.76 0.76 0.75 0.76 0.77 0.79 0.81 0.84 0.86 0.88 0.90 0.94 0.93 0.89 0.86 0.84
0.83 0.82 0.81 0.80 0.79 0.79 0.77 0.76 0.75 0.75 0.75 0.77 0.79 0.81 0.82 0.85 0.87 0.89 0.93 0.92 0.89 0.86 0.85
0.83 0.83 0.82 0.80 0.79 0.78 0.77 0.76 0.75 0.74 0.75 0.76 0.78 0.80 0.82 0.83 0.85 0.88 0.92 0.91 0.88 0.86 0.86
0.80 0.83 0.82 0.80 0.79 0.78 0.77 0.75 0.74 0.74 0.74 0.75 0.77 0.80 0.81 0.83 0.85 0.86 0.91 0.90 0.87 0.86 0.86
0.78 0.81 0.83 0.81 0.80 0.78 0.77 0.75 0.74 0.73 0.73 0.75 0.77 0.79 0.81 0.83 0.85 0.86 0.90 0.89 0.87 0.86 0.86
0.76 0.79 0.81 0.81 0.80 0.79 0.77 0.76 0.74 0.74 0.73 0.74 0.77 0.79 0.81 0.83 0.85 0.87 0.90 0.89 0.87 0.87 0.87
0.74 0.77 0.79 0.81 0.81 0.79 0.78 0.76 0.75 0.74 0.74 0.75 0.77 0.79 0.81 0.83 0.85 0.87 0.91 0.89 0.87 0.87 0.87
0.73 0.75 0.77 0.78 0.79 0.80 0.79 0.77 0.76 0.75 0.75 0.75 0.77 0.80 0.82 0.83 0.85 0.87 0.91 0.90 0.88 0.87 0.88
0.72 0.73 0.74 0.76 0.77 0.77 0.78 0.78 0.77 0.76 0.75 0.76 0.78 0.80 0.82 0.84 0.86 0.88 0.92 0.91 0.89 0.87 0.88
LUT_ML[:,:,7] = 
0.78 0.78 0.78 0.79 0.80 0.80 0.81 0.82 0.83 0.84 0.84 0.85 0.84 0.85 0.86 0.87 0.89 0.90 0.93 0.95 0.93 0.88 0.84
0.78 0.78 0.78 0.79 0.80 0.80 0.81 0.82 0.83 0.84 0.84 0.85 0.84 0.85 0.86 0.87 0.89 0.90 0.93 0.95 0.93 0.88 0.84
0.78 0.78 0.78 0.79 0.79 0.80 0.81 0.82 0.83 0.84 0.84 0.85 0.84 0.85 0.86 0.87 0.89 0.90 0.93 0.95 0.93 0.88 0.84
0.78 0.78 0.78 0.79 0.79 0.80 0.81 0.82 0.83 0.84 0.84 0.84 0.84 0.84 0.86 0.87 0.89 0.90 0.93 0.96 0.93 0.89 0.84
0.78 0.78 0.78 0.79 0.79 0.80 0.81 0.82 0.83 0.83 0.84 0.83 0.83 0.84 0.86 0.87 0.88 0.90 0.93 0.96 0.93 0.89 0.84
0.78 0.78 0.79 0.79 0.79 0.79 0.80 0.81 0.82 0.83 0.83 0.83 0.82 0.83 0.85 0.87 0.88 0.90 0.93 0.96 0.94 0.89 0.84
0.78 0.78 0.79 0.79 0.79 0.79 0.79 0.80 0.81 0.82 0.82 0.82 0.82 0.83 0.85 0.87 0.88 0.90 0.93 0.96 0.94 0.89 0.85
0.78 0.79 0.80 0.80 0.80 0.80 0.79 0.79 0.79 0.79 0.79 0.79 0.80 0.82 0.84 0.86 0.88 0.90 0.94 0.97 0.94 0.90 0.85
0.80 0.80 0.80 0.80 0.80 0.80 0.79 0.78 0.77 0.77 0.77 0.78 0.79 0.80 0.83 0.85 0.88 0.90 0.94 0.97 0.95 0.90 0.86
0.81 0.81 0.81 0.81 0.80 0.80 0.79 0.78 0.77 0.76 0.76 0.76 0.77 0.79 0.82 0.84 0.86 0.88 0.93 0.97 0.95 0.91 0.86
0.83 0.82 0.81 0.81 0.81 0.80 0.79 0.78 0.77 0.76 0.75 0.75 0.76 0.77 0.80 0.83 0.85 0.87 0.91 0.96 0.95 0.91 0.86
0.84 0.83 0.82 0.81 0.81 0.80 0.79 0.77 0.76 0.76 0.75 0.75 0.75 0.76 0.79 0.81 0.84 0.86 0.90 0.95 0.94 0.90 0.86
0.84 0.83 0.83 0.82 0.81 0.80 0.78 0.77 0.76 0.75 0.75 0.75 0.75 0.76 0.78 0.80 0.82 0.85 0.89 0.93 0.93 0.89 0.86
0.85 0.84 0.83 0.82 0.81 0.79 0.78 0.77 0.75 0.75 0.74 0.74 0.75 0.76 0.78 0.80 0.81 0.83 0.88 0.92 0.92 0.88 0.86
0.84 0.85 0.84 0.82 0.81 0.79 0.78 0.76 0.75 0.74 0.74 0.74 0.74 0.75 0.77 0.79 0.81 0.83 0.86 0.91 0.91 0.88 0.86
0.84 0.84 0.85 0.83 0.81 0.80 0.78 0.77 0.75 0.74 0.74 0.73 0.74 0.75 0.77 0.79 0.81 0.83 0.86 0.89 0.90 0.88 0.86
0.83 0.84 0.84 0.83 0.82 0.80 0.79 0.77 0.75 0.74 0.74 0.73 0.74 0.75 0.77 0.79 0.81 0.82 0.85 0.88 0.89 0.87 0.87
0.83 0.84 0.84 0.83 0.82 0.80 0.79 0.77 0.76 0.74 0.74 0.74 0.73 0.74 0.76 0.79 0.81 0.82 0.85 0.88 0.87 0.86 0.86
0.84 0.84 0.83 0.82 0.81 0.80 0.79 0.78 0.76 0.75 0.74 0.74 0.73 0.74 0.76 0.79 0.81 0.82 0.85 0.89 0.88 0.86 0.87
0.83 0.84 0.83 0.82 0.81 0.80 0.79 0.78 0.77 0.76 0.75 0.74 0.74 0.75 0.77 0.79 0.81 0.83 0.86 0.89 0.89 0.87 0.87
0.82 0.84 0.84 0.82 0.81 0.80 0.79 0.78 0.77 0.77 0.76 0.75 0.75 0.75 0.77 0.79 0.82 0.83 0.87 0.91 0.91 0.88 0.87
LUT_ML[:,:,8] = 
0.76 0.77 0.77 0.78 0.78 0.79 0.79 0.81 0.82 0.82 0.83 0.84 0.83 0.83 0.84 0.85 0.85 0.86 0.89 0.91 0.95 0.98 0.96
0.76 0.77 0.77 0.78 0.78 0.79 0.79 0.81 0.82 0.82 0.83 0.83 0.83 0.83 0.84 0.84 0.85 0.86 0.89 0.92 0.95 0.98 0.96
0.76 0.77 0.78 0.78 0.78 0.79 0.79 0.81 0.81 0.82 0.83 0.83 0.83 0.83 0.83 0.84 0.85 0.86 0.89 0.92 0.95 0.98 0.96
0.76 0.77 0.78 0.78 0.79 0.79 0.79 0.80 0.81 0.81 0.82 0.82 0.82 0.82 0.82 0.83 0.84 0.86 0.89 0.92 0.95 0.98 0.96
0.77 0.78 0.78 0.79 0.79 0.79 0.79 0.79 0.80 0.81 0.81 0.81 0.81 0.81 0.81 0.82 0.83 0.85 0.89 0.92 0.95 0.98 0.95
0.77 0.78 0.78 0.79 0.79 0.79 0.79 0.79 0.79 0.80 0.80 0.80 0.80 0.80 0.81 0.81 0.82 0.84 0.88 0.92 0.95 0.98 0.95
0.77 0.78 0.78 0.79 0.79 0.79 0.79 0.79 0.79 0.78 0.78 0.78 0.79 0.79 0.80 0.81 0.82 0.84 0.88 0.92 0.95 0.99 0.96
0.78 0.78 0.79 0.80 0.80 0.80 0.80 0.79 0.78 0.77 0.77 0.77 0.77 0.77 0.78 0.79 0.80 0.83 0.87 0.91 0.95 0.99 0.96
0.79 0.80 0.81 0.82 0.82 0.81 0.80 0.79 0.78 0.77 0.76 0.76 0.75 0.76 0.77 0.78 0.79 0.81 0.86 0.90 0.94 0.98 0.96
0.81 0.82 0.83 0.83 0.82 0.82 0.80 0.79 0.78 0.77 0.76 0.75 0.75 0.75 0.75 0.76 0.77 0.79 0.84 0.89 0.93 0.97 0.95
0.83 0.84 0.84 0.83 0.83 0.82 0.80 0.79 0.77 0.76 0.75 0.75 0.74 0.74 0.75 0.75 0.76 0.78 0.83 0.87 0.92 0.96 0.94
0.85 0.85 0.85 0.84 0.83 0.81 0.80 0.79 0.77 0.76 0.75 0.74 0.74 0.74 0.74 0.75 0.75 0.77 0.82 0.86 0.90 0.95 0.93
0.86 0.86 0.86 0.84 0.83 0.81 0.80 0.78 0.77 0.76 0.75 0.74 0.73 0.73 0.74 0.74 0.75 0.76 0.80 0.85 0.89 0.93 0.92
0.85 0.86 0.86 0.84 0.83 0.81 0.80 0.78 0.77 0.76 0.75 0.74 0.73 0.73 0.73 0.74 0.74 0.76 0.80 0.83 0.88 0.92 0.91
0.85 0.86 0.87 0.84 0.83 0.82 0.80 0.79 0.77 0.76 0.75 0.74 0.73 0.73 0.73 0.74 0.74 0.76 0.80 0.83 0.87 0.91 0.89
0.85 0.86 0.86 0.85 0.84 0.82 0.81 0.79 0.78 0.76 0.75 0.74 0.74 0.73 0.73 0.74 0.74 0.76 0.80 0.83 0.86 0.90 0.88
0.85 0.86 0.85 0.84 0.83 0.83 0.81 0.80 0.78 0.77 0.76 0.75 0.74 0.74 0.74 0.74 0.75 0.76 0.80 0.83 0.86 0.89 0.88
0.85 0.85 0.84 0.83 0.83 0.82 0.81 0.80 0.79 0.77 0.76 0.75 0.75 0.74 0.74 0.74 0.75 0.76 0.80 0.83 0.86 0.89 0.88
0.85 0.84 0.83 0.82 0.82 0.81 0.80 0.80 0.79 0.77 0.76 0.75 0.75 0.75 0.74 0.75 0.75 0.77 0.80 0.84 0.87 0.90 0.89
0.86 0.85 0.83 0.81 0.81 0.80 0.80 0.79 0.78 0.77 0.76 0.76 0.75 0.75 0.74 0.75 0.76 0.77 0.81 0.85 0.88 0.91 0.89
0.87 0.85 0.83 0.82 0.81 0.80 0.79 0.78 0.77 0.76 0.76 0.76 0.75 0.75 0.75 0.76 0.77 0.78 0.82 0.86 0.89 0.92 0.91
LUT_ML[:,:,9] = 
0.75 0.76 0.76 0.77 0.77 0.78 0.77 0.78 0.78 0.79 0.80 0.80 0.80 0.81 0.81 0.81 0.82 0.83 0.85 0.89 0.93 0.96 0.99
0.75 0.76 0.76 0.77 0.77 0.78 0.77 0.78 0.78 0.79 0.80 0.80 0.80 0.80 0.81 0.81 0.82 0.83 0.85 0.89 0.93 0.96 0.99
0.75 0.76 0.76 0.77 0.77 0.78 0.77 0.78 0.78 0.79 0.79 0.80 0.80 0.80 0.80 0.81 0.82 0.82 0.85 0.89 0.92 0.96 0.99
0.75 0.76 0.76 0.77 0.78 0.78 0.77 0.78 0.78 0.78 0.79 0.79 0.79 0.79 0.79 0.80 0.81 0.82 0.84 0.88 0.92 0.96 0.99
0.75 0.76 0.77 0.78 0.78 0.78 0.77 0.77 0.78 0.78 0.78 0.78 0.78 0.78 0.78 0.79 0.80 0.81 0.84 0.88 0.91 0.95 0.99
0.76 0.76 0.77 0.78 0.78 0.78 0.78 0.77 0.77 0.77 0.77 0.77 0.77 0.77 0.78 0.79 0.80 0.81 0.83 0.88 0.91 0.94 0.98
0.76 0.77 0.78 0.78 0.78 0.78 0.78 0.77 0.77 0.77 0.77 0.77 0.77 0.77 0.77 0.78 0.79 0.80 0.83 0.87 0.90 0.94 0.98
0.77 0.77 0.78 0.79 0.79 0.79 0.79 0.79 0.78 0.77 0.77 0.77 0.76 0.76 0.76 0.77 0.78 0.79 0.82 0.86 0.90 0.93 0.97
0.78 0.79 0.81 0.81 0.81 0.81 0.81 0.79 0.78 0.77 0.77 0.76 0.76 0.75 0.75 0.76 0.77 0.78 0.80 0.85 0.89 0.93 0.96
0.81 0.81 0.82 0.83 0.83 0.82 0.81 0.79 0.78 0.77 0.76 0.75 0.75 0.75 0.75 0.75 0.75 0.76 0.79 0.83 0.87 0.92 0.96
0.83 0.84 0.85 0.84 0.84 0.82 0.81 0.80 0.78 0.77 0.76 0.75 0.74 0.74 0.74 0.75 0.75 0.75 0.77 0.82 0.86 0.90 0.95
0.84 0.86 0.86 0.85 0.84 0.82 0.81 0.80 0.78 0.77 0.76 0.75 0.74 0.74 0.74 0.74 0.75 0.75 0.76 0.80 0.85 0.89 0.93
0.85 0.87 0.87 0.85 0.84 0.82 0.81 0.80 0.78 0.77 0.75 0.74 0.73 0.73 0.73 0.74 0.74 0.75 0.76 0.79 0.83 0.88 0.92
0.86 0.87 0.87 0.85 0.84 0.83 0.81 0.80 0.78 0.77 0.76 0.75 0.74 0.73 0.73 0.73 0.74 0.74 0.75 0.79 0.82 0.87 0.91
0.86 0.87 0.87 0.85 0.85 0.83 0.82 0.80 0.79 0.77 0.76 0.75 0.74 0.73 0.73 0.73 0.74 0.74 0.75 0.79 0.82 0.85 0.90
0.87 0.86 0.86 0.85 0.84 0.83 0.82 0.81 0.79 0.78 0.77 0.76 0.75 0.74 0.73 0.74 0.74 0.74 0.75 0.79 0.82 0.85 0.89
0.86 0.86 0.85 0.84 0.83 0.83 0.82 0.81 0.80 0.78 0.77 0.76 0.75 0.74 0.74 0.74 0.74 0.74 0.75 0.79 0.83 0.85 0.89
0.86 0.86 0.84 0.83 0.83 0.82 0.81 0.81 0.80 0.79 0.77 0.76 0.76 0.75 0.74 0.74 0.74 0.75 0.76 0.79 0.83 0.86 0.89
0.86 0.85 0.84 0.83 0.82 0.81 0.81 0.80 0.79 0.78 0.77 0.77 0.76 0.75 0.75 0.74 0.75 0.75 0.77 0.81 0.84 0.87 0.90
0.87 0.84 0.83 0.82 0.81 0.81 0.80 0.79 0.79 0.78 0.77 0.76 0.76 0.76 0.75 0.75 0.75 0.76 0.78 0.82 0.85 0.88 0.91
0.88 0.85 0.83 0.82 0.81 0.80 0.79 0.78 0.78 0.77 0.76 0.76 0.76 0.76 0.76 0.75 0.76 0.77 0.79 0.83 0.86 0.89 0.92
LUT_ML[:,:,10] = 
0.75 0.76 0.76 0.76 0.76 0.75 0.75 0.75 0.75 0.75 0.76 0.76 0.76 0.76 0.77 0.77 0.78 0.79 0.81 0.84 0.88 0.92 0.95
0.75 0.76 0.76 0.76 0.76 0.75 0.75 0.74 0.75 0.75 0.76 0.76 0.76 0.76 0.76 0.77 0.78 0.79 0.81 0.84 0.88 0.91 0.95
0.75 0.76 0.76 0.76 0.75 0.75 0.75 0.74 0.75 0.75 0.76 0.76 0.76 0.76 0.76 0.77 0.78 0.79 0.81 0.83 0.88 0.91 0.95
0.75 0.76 0.76 0.76 0.75 0.75 0.74 0.74 0.75 0.75 0.75 0.75 0.75 0.75 0.76 0.77 0.78 0.79 0.80 0.83 0.87 0.91 0.94
0.75 0.76 0.76 0.76 0.75 0.75 0.74 0.74 0.75 0.75 0.75 0.75 0.75 0.75 0.76 0.77 0.78 0.78 0.80 0.82 0.86 0.90 0.94
0.75 0.76 0.75 0.76 0.75 0.75 0.75 0.75 0.75 0.75 0.75 0.75 0.75 0.75 0.76 0.76 0.77 0.78 0.80 0.82 0.85 0.89 0.93
0.75 0.75 0.76 0.76 0.76 0.76 0.75 0.75 0.76 0.75 0.76 0.76 0.76 0.76 0.76 0.76 0.77 0.78 0.80 0.81 0.85 0.88 0.92
0.76 0.76 0.77 0.77 0.77 0.77 0.77 0.77 0.77 0.76 0.76 0.76 0.76 0.76 0.75 0.76 0.76 0.77 0.79 0.81 0.85 0.88 0.91
0.77 0.78 0.80 0.80 0.80 0.80 0.79 0.79 0.78 0.77 0.77 0.76 0.76 0.75 0.75 0.75 0.76 0.76 0.78 0.80 0.84 0.87 0.90
0.79 0.80 0.81 0.82 0.82 0.82 0.81 0.80 0.78 0.77 0.76 0.76 0.75 0.75 0.74 0.75 0.75 0.76 0.76 0.78 0.83 0.87 0.90
0.81 0.83 0.83 0.84 0.84 0.82 0.81 0.80 0.79 0.77 0.76 0.75 0.75 0.74 0.74 0.74 0.75 0.75 0.76 0.77 0.81 0.85 0.89
0.83 0.84 0.86 0.85 0.84 0.83 0.82 0.80 0.79 0.77 0.76 0.75 0.74 0.74 0.73 0.74 0.74 0.75 0.75 0.76 0.80 0.84 0.88
0.84 0.86 0.87 0.86 0.85 0.84 0.82 0.81 0.79 0.77 0.76 0.75 0.74 0.73 0.73 0.73 0.74 0.74 0.75 0.76 0.79 0.82 0.87
0.86 0.87 0.87 0.86 0.86 0.84 0.83 0.81 0.80 0.78 0.77 0.76 0.74 0.73 0.73 0.73 0.74 0.74 0.75 0.75 0.78 0.82 0.85
0.87 0.87 0.87 0.85 0.85 0.84 0.83 0.82 0.80 0.79 0.77 0.76 0.75 0.74 0.73 0.73 0.74 0.74 0.74 0.75 0.78 0.81 0.85
0.87 0.87 0.86 0.85 0.84 0.84 0.83 0.82 0.81 0.79 0.78 0.77 0.76 0.74 0.74 0.74 0.74 0.74 0.75 0.75 0.78 0.82 0.85
0.87 0.86 0.85 0.84 0.83 0.83 0.82 0.82 0.81 0.80 0.78 0.77 0.76 0.75 0.74 0.74 0.74 0.74 0.75 0.76 0.79 0.82 0.86
0.87 0.86 0.85 0.83 0.83 0.82 0.82 0.81 0.80 0.79 0.79 0.78 0.77 0.76 0.75 0.74 0.75 0.75 0.75 0.76 0.80 0.83 0.87
0.87 0.85 0.84 0.83 0.82 0.82 0.81 0.80 0.79 0.79 0.78 0.77 0.77 0.76 0.76 0.75 0.75 0.75 0.76 0.77 0.81 0.84 0.88
0.87 0.85 0.83 0.82 0.81 0.81 0.80 0.80 0.79 0.78 0.77 0.77 0.76 0.77 0.76 0.76 0.75 0.75 0.77 0.79 0.82 0.86 0.89
0.88 0.85 0.83 0.81 0.81 0.80 0.79 0.79 0.78 0.77 0.77 0.76 0.76 0.76 0.76 0.76 0.76 0.76 0.78 0.80 0.83 0.87 0.90
LUT_ML[:,:,11] = 
0.76 0.75 0.75 0.75 0.74 0.74 0.74 0.73 0.73 0.74 0.75 0.74 0.74 0.74 0.73 0.73 0.74 0.75 0.78 0.80 0.82 0.87 0.91
0.76 0.75 0.75 0.75 0.74 0.74 0.74 0.73 0.73 0.74 0.74 0.74 0.74 0.74 0.73 0.73 0.74 0.75 0.77 0.80 0.82 0.86 0.90
0.76 0.75 0.75 0.75 0.74 0.74 0.74 0.73 0.73 0.74 0.74 0.74 0.74 0.73 0.73 0.73 0.74 0.75 0.77 0.79 0.82 0.86 0.90
0.76 0.75 0.75 0.75 0.74 0.74 0.74 0.73 0.73 0.74 0.74 0.74 0.73 0.73 0.72 0.72 0.73 0.74 0.77 0.79 0.81 0.86 0.90
0.76 0.75 0.75 0.74 0.74 0.74 0.74 0.73 0.73 0.74 0.73 0.73 0.73 0.73 0.72 0.72 0.73 0.74 0.76 0.78 0.81 0.85 0.89
0.76 0.76 0.75 0.75 0.74 0.74 0.74 0.73 0.73 0.73 0.73 0.73 0.73 0.73 0.72 0.72 0.73 0.74 0.75 0.78 0.80 0.84 0.88
0.76 0.76 0.76 0.75 0.74 0.74 0.74 0.73 0.74 0.73 0.73 0.73 0.73 0.73 0.72 0.72 0.73 0.73 0.75 0.77 0.79 0.83 0.87
0.76 0.76 0.76 0.76 0.75 0.75 0.75 0.75 0.74 0.74 0.73 0.73 0.73 0.73 0.73 0.73 0.73 0.74 0.75 0.77 0.78 0.82 0.86
0.78 0.78 0.78 0.77 0.77 0.77 0.77 0.76 0.75 0.75 0.74 0.74 0.74 0.73 0.73 0.74 0.74 0.74 0.75 0.76 0.78 0.81 0.85
0.79 0.79 0.79 0.79 0.79 0.79 0.78 0.78 0.77 0.76 0.75 0.74 0.74 0.74 0.74 0.74 0.74 0.75 0.75 0.76 0.77 0.81 0.84
0.80 0.80 0.81 0.82 0.82 0.81 0.80 0.79 0.78 0.77 0.76 0.75 0.74 0.74 0.73 0.74 0.74 0.74 0.75 0.76 0.77 0.80 0.83
0.81 0.82 0.83 0.84 0.84 0.83 0.81 0.80 0.79 0.77 0.77 0.76 0.75 0.74 0.73 0.74 0.74 0.74 0.75 0.76 0.76 0.79 0.82
0.82 0.83 0.84 0.85 0.85 0.84 0.83 0.81 0.80 0.78 0.77 0.76 0.75 0.74 0.73 0.73 0.74 0.74 0.75 0.75 0.76 0.79 0.81
0.83 0.85 0.86 0.85 0.85 0.85 0.84 0.83 0.81 0.79 0.78 0.77 0.75 0.74 0.73 0.73 0.74 0.74 0.74 0.75 0.76 0.78 0.81
0.85 0.86 0.86 0.85 0.85 0.84 0.84 0.83 0.82 0.80 0.78 0.77 0.76 0.75 0.74 0.74 0.74 0.74 0.75 0.75 0.76 0.78 0.81
0.87 0.87 0.86 0.85 0.84 0.84 0.83 0.82 0.82 0.81 0.79 0.78 0.77 0.75 0.75 0.74 0.74 0.74 0.75 0.75 0.76 0.79 0.82
0.87 0.87 0.85 0.84 0.84 0.83 0.82 0.82 0.81 0.80 0.79 0.78 0.77 0.76 0.75 0.74 0.74 0.75 0.75 0.76 0.77 0.79 0.83
0.87 0.86 0.85 0.83 0.83 0.82 0.82 0.81 0.80 0.80 0.79 0.78 0.78 0.77 0.76 0.75 0.75 0.75 0.76 0.76 0.77 0.80 0.84
0.87 0.85 0.84 0.83 0.82 0.82 0.81 0.80 0.80 0.79 0.78 0.78 0.77 0.77 0.76 0.76 0.75 0.75 0.76 0.77 0.79 0.81 0.85
0.87 0.85 0.83 0.82 0.81 0.81 0.80 0.80 0.79 0.78 0.78 0.77 0.77 0.76 0.76 0.76 0.76 0.76 0.76 0.78 0.80 0.83 0.86
0.88 0.85 0.83 0.81 0.81 0.80 0.80 0.79 0.78 0.78 0.77 0.76 0.76 0.76 0.75 0.76 0.76 0.76 0.77 0.79 0.81 0.84 0.87
LUT_ML[:,:,12] = 
0.77 0.76 0.76 0.74 0.74 0.73 0.73 0.73 0.73 0.73 0.73 0.74 0.73 0.73 0.73 0.73 0.73 0.73 0.76 0.78 0.80 0.83 0.86
0.77 0.76 0.76 0.74 0.74 0.73 0.73 0.73 0.72 0.73 0.73 0.74 0.73 0.73 0.73 0.73 0.73 0.73 0.76 0.78 0.80 0.82 0.86
0.77 0.76 0.76 0.74 0.74 0.73 0.73 0.73 0.72 0.73 0.73 0.73 0.73 0.73 0.73 0.73 0.72 0.73 0.76 0.78 0.80 0.82 0.86
0.76 0.76 0.75 0.74 0.74 0.73 0.73 0.73 0.72 0.73 0.73 0.73 0.73 0.72 0.72 0.72 0.72 0.73 0.75 0.77 0.79 0.82 0.85
0.76 0.76 0.75 0.74 0.73 0.73 0.73 0.73 0.72 0.72 0.73 0.72 0.72 0.72 0.72 0.72 0.72 0.73 0.74 0.76 0.79 0.81 0.84
0.76 0.76 0.75 0.74 0.73 0.73 0.73 0.73 0.72 0.72 0.72 0.72 0.72 0.72 0.72 0.72 0.72 0.72 0.73 0.76 0.78 0.80 0.83
0.76 0.76 0.75 0.74 0.73 0.73 0.73 0.73 0.73 0.73 0.73 0.72 0.72 0.72 0.72 0.72 0.72 0.72 0.73 0.75 0.77 0.79 0.82
0.77 0.77 0.75 0.75 0.75 0.74 0.74 0.74 0.74 0.73 0.73 0.72 0.72 0.72 0.72 0.72 0.72 0.72 0.73 0.74 0.75 0.77 0.80
0.77 0.78 0.77 0.76 0.76 0.76 0.76 0.75 0.75 0.74 0.73 0.73 0.72 0.72 0.72 0.72 0.72 0.72 0.73 0.74 0.74 0.76 0.78
0.78 0.78 0.78 0.78 0.78 0.78 0.77 0.76 0.75 0.75 0.74 0.73 0.72 0.72 0.72 0.72 0.72 0.72 0.73 0.74 0.74 0.75 0.78
0.79 0.79 0.79 0.80 0.79 0.79 0.78 0.77 0.76 0.75 0.74 0.73 0.73 0.72 0.72 0.72 0.72 0.72 0.73 0.74 0.74 0.75 0.77
0.80 0.80 0.80 0.81 0.81 0.80 0.79 0.78 0.77 0.75 0.74 0.74 0.73 0.72 0.71 0.71 0.71 0.72 0.73 0.74 0.74 0.75 0.77
0.81 0.81 0.82 0.82 0.82 0.81 0.81 0.79 0.78 0.76 0.75 0.74 0.74 0.73 0.72 0.72 0.72 0.72 0.73 0.73 0.74 0.75 0.77
0.82 0.83 0.83 0.83 0.82 0.82 0.81 0.81 0.79 0.78 0.77 0.76 0.75 0.74 0.73 0.72 0.73 0.73 0.73 0.74 0.74 0.75 0.76
0.84 0.85 0.85 0.83 0.83 0.83 0.82 0.81 0.81 0.80 0.78 0.77 0.76 0.75 0.74 0.73 0.73 0.73 0.74 0.74 0.75 0.75 0.77
0.86 0.86 0.85 0.84 0.83 0.83 0.83 0.82 0.81 0.80 0.79 0.78 0.77 0.76 0.75 0.74 0.74 0.74 0.75 0.75 0.76 0.76 0.78
0.87 0.86 0.85 0.84 0.83 0.83 0.82 0.82 0.81 0.80 0.79 0.78 0.78 0.77 0.76 0.75 0.75 0.75 0.75 0.76 0.76 0.77 0.79
0.87 0.86 0.84 0.83 0.83 0.82 0.82 0.81 0.81 0.80 0.79 0.78 0.77 0.77 0.76 0.76 0.75 0.75 0.76 0.76 0.77 0.79 0.81
0.87 0.85 0.84 0.83 0.82 0.82 0.81 0.80 0.80 0.79 0.78 0.78 0.77 0.77 0.76 0.76 0.76 0.76 0.76 0.77 0.78 0.80 0.82
0.87 0.85 0.83 0.82 0.82 0.81 0.80 0.80 0.79 0.79 0.78 0.77 0.77 0.76 0.76 0.75 0.76 0.76 0.77 0.77 0.79 0.81 0.84
0.88 0.85 0.83 0.81 0.81 0.80 0.80 0.79 0.79 0.78 0.77 0.76 0.76 0.76 0.75 0.75 0.75 0.75 0.77 0.78 0.80 0.82 0.85
LUT_ML[:,:,13] = 
0.78 0.77 0.76 0.74 0.74 0.73 0.73 0.72 0.72 0.72 0.73 0.73 0.73 0.73 0.73 0.73 0.73 0.73 0.74 0.77 0.79 0.81 0.83
0.77 0.77 0.76 0.74 0.74 0.73 0.73 0.72 0.72 0.72 0.72 0.73 0.73 0.73 0.73 0.73 0.73 0.73 0.74 0.76 0.79 0.81 0.83
0.77 0.77 0.76 0.74 0.74 0.73 0.73 0.72 0.72 0.72 0.72 0.73 0.73 0.73 0.73 0.72 0.73 0.73 0.74 0.76 0.78 0.81 0.83
0.77 0.76 0.75 0.74 0.73 0.73 0.72 0.72 0.72 0.72 0.72 0.72 0.72 0.72 0.72 0.72 0.72 0.72 0.74 0.75 0.78 0.80 0.82
0.77 0.76 0.75 0.74 0.73 0.73 0.72 0.72 0.72 0.72 0.72 0.72 0.72 0.72 0.72 0.72 0.72 0.72 0.74 0.75 0.77 0.79 0.81
0.77 0.76 0.75 0.74 0.73 0.73 0.72 0.72 0.72 0.72 0.72 0.72 0.72 0.71 0.71 0.71 0.71 0.72 0.73 0.74 0.76 0.78 0.81
0.76 0.76 0.75 0.73 0.73 0.73 0.72 0.72 0.72 0.72 0.72 0.72 0.72 0.72 0.71 0.71 0.71 0.71 0.73 0.74 0.75 0.78 0.80
0.76 0.76 0.75 0.74 0.74 0.74 0.74 0.74 0.73 0.73 0.73 0.72 0.72 0.72 0.71 0.71 0.71 0.71 0.72 0.73 0.74 0.76 0.78
0.77 0.77 0.76 0.75 0.75 0.75 0.75 0.75 0.74 0.74 0.73 0.73 0.72 0.72 0.71 0.71 0.71 0.71 0.72 0.73 0.74 0.75 0.76
0.77 0.77 0.77 0.77 0.77 0.77 0.76 0.76 0.75 0.74 0.74 0.73 0.72 0.72 0.71 0.71 0.71 0.71 0.72 0.73 0.74 0.74 0.75
0.78 0.78 0.78 0.78 0.78 0.78 0.77 0.76 0.76 0.75 0.74 0.73 0.72 0.72 0.71 0.71 0.71 0.71 0.72 0.73 0.74 0.74 0.75
0.79 0.79 0.79 0.79 0.79 0.79 0.78 0.77 0.76 0.75 0.74 0.74 0.73 0.72 0.71 0.71 0.71 0.71 0.72 0.73 0.74 0.74 0.74
0.80 0.80 0.80 0.80 0.80 0.80 0.79 0.79 0.78 0.76 0.75 0.74 0.74 0.73 0.72 0.71 0.71 0.72 0.72 0.73 0.73 0.74 0.74
0.81 0.81 0.82 0.82 0.82 0.81 0.80 0.79 0.78 0.77 0.76 0.75 0.74 0.73 0.73 0.72 0.72 0.72 0.72 0.72 0.73 0.73 0.74
0.82 0.83 0.84 0.83 0.82 0.81 0.80 0.80 0.79 0.78 0.77 0.76 0.75 0.74 0.73 0.72 0.72 0.72 0.72 0.73 0.73 0.74 0.74
0.84 0.85 0.84 0.83 0.82 0.81 0.81 0.80 0.79 0.78 0.77 0.76 0.76 0.75 0.74 0.73 0.72 0.72 0.73 0.73 0.74 0.74 0.75
0.86 0.86 0.84 0.83 0.82 0.82 0.81 0.80 0.79 0.78 0.77 0.76 0.76 0.75 0.75 0.74 0.73 0.73 0.73 0.74 0.74 0.75 0.76
0.87 0.86 0.85 0.83 0.82 0.82 0.81 0.80 0.79 0.78 0.77 0.76 0.75 0.75 0.75 0.74 0.74 0.74 0.74 0.75 0.75 0.76 0.78
0.88 0.86 0.85 0.83 0.82 0.81 0.81 0.80 0.79 0.78 0.77 0.76 0.75 0.75 0.75 0.74 0.74 0.74 0.75 0.75 0.76 0.78 0.79
0.90 0.87 0.84 0.83 0.82 0.81 0.80 0.79 0.79 0.78 0.77 0.76 0.75 0.75 0.75 0.74 0.74 0.74 0.76 0.76 0.78 0.79 0.81
0.91 0.87 0.84 0.82 0.81 0.81 0.80 0.79 0.78 0.78 0.77 0.76 0.75 0.75 0.75 0.74 0.74 0.74 0.75 0.77 0.79 0.81 0.82
LUT_ML[:,:,14] = 
0.78 0.77 0.76 0.74 0.74 0.73 0.73 0.72 0.72 0.72 0.72 0.73 0.73 0.73 0.73 0.73 0.73 0.73 0.74 0.76 0.78 0.80 0.82
0.78 0.77 0.76 0.74 0.74 0.73 0.73 0.72 0.72 0.72 0.72 0.73 0.73 0.73 0.73 0.73 0.73 0.73 0.74 0.75 0.78 0.80 0.82
0.78 0.77 0.76 0.74 0.74 0.73 0.72 0.72 0.72 0.72 0.72 0.73 0.73 0.73 0.73 0.73 0.73 0.73 0.74 0.75 0.78 0.80 0.82
0.77 0.76 0.75 0.74 0.73 0.73 0.72 0.72 0.72 0.71 0.72 0.72 0.72 0.72 0.72 0.72 0.72 0.72 0.74 0.75 0.77 0.79 0.81
0.77 0.76 0.75 0.74 0.73 0.73 0.72 0.72 0.71 0.71 0.71 0.71 0.71 0.72 0.72 0.72 0.72 0.72 0.73 0.75 0.76 0.78 0.81
0.77 0.76 0.75 0.74 0.73 0.72 0.72 0.72 0.71 0.71 0.71 0.71 0.71 0.71 0.71 0.71 0.71 0.72 0.73 0.74 0.75 0.78 0.80
0.76 0.76 0.75 0.73 0.73 0.72 0.72 0.72 0.72 0.72 0.72 0.71 0.71 0.71 0.71 0.71 0.71 0.71 0.72 0.74 0.75 0.77 0.79
0.76 0.75 0.75 0.74 0.74 0.74 0.74 0.73 0.73 0.73 0.72 0.72 0.71 0.71 0.71 0.71 0.71 0.71 0.72 0.73 0.74 0.75 0.77
0.76 0.76 0.75 0.75 0.75 0.75 0.75 0.75 0.74 0.73 0.73 0.72 0.72 0.71 0.71 0.71 0.71 0.71 0.72 0.72 0.73 0.74 0.76
0.77 0.77 0.76 0.76 0.76 0.76 0.76 0.75 0.75 0.74 0.73 0.73 0.72 0.71 0.71 0.71 0.71 0.71 0.72 0.73 0.73 0.74 0.75
0.77 0.78 0.77 0.77 0.77 0.77 0.77 0.76 0.75 0.75 0.74 0.73 0.72 0.72 0.71 0.71 0.70 0.71 0.72 0.73 0.73 0.74 0.75
0.78 0.78 0.78 0.78 0.78 0.78 0.77 0.77 0.76 0.75 0.74 0.74 0.73 0.72 0.71 0.71 0.71 0.71 0.72 0.73 0.73 0.74 0.75
0.79 0.79 0.79 0.79 0.79 0.79 0.78 0.78 0.77 0.76 0.75 0.74 0.74 0.73 0.72 0.71 0.71 0.71 0.72 0.73 0.73 0.74 0.74
0.80 0.80 0.81 0.81 0.81 0.80 0.79 0.79 0.78 0.77 0.76 0.75 0.75 0.74 0.73 0.72 0.71 0.72 0.72 0.73 0.73 0.74 0.74
0.81 0.82 0.83 0.82 0.82 0.81 0.80 0.79 0.78 0.78 0.77 0.76 0.75 0.74 0.74 0.73 0.72 0.72 0.72 0.73 0.73 0.74 0.74
0.83 0.84 0.84 0.82 0.82 0.81 0.80 0.80 0.79 0.78 0.77 0.76 0.76 0.75 0.74 0.73 0.72 0.72 0.73 0.73 0.74 0.74 0.75
0.85 0.86 0.84 0.83 0.82 0.81 0.81 0.80 0.79 0.78 0.77 0.76 0.76 0.75 0.74 0.74 0.73 0.73 0.73 0.74 0.74 0.75 0.76
0.87 0.86 0.84 0.83 0.82 0.81 0.81 0.80 0.79 0.78 0.77 0.76 0.75 0.75 0.74 0.74 0.73 0.73 0.74 0.74 0.75 0.76 0.77
0.88 0.86 0.85 0.83 0.82 0.81 0.81 0.80 0.79 0.78 0.77 0.76 0.75 0.75 0.74 0.73 0.73 0.73 0.74 0.75 0.75 0.77 0.78
0.90 0.87 0.85 0.83 0.82 0.81 0.80 0.79 0.79 0.78 0.77 0.76 0.75 0.74 0.74 0.73 0.73 0.73 0.74 0.75 0.76 0.78 0.80
0.91 0.88 0.85 0.82 0.81 0.81 0.80 0.79 0.78 0.77 0.77 0.76 0.75 0.74 0.74 0.73 0.73 0.73 0.74 0.76 0.78 0.79 0.81
